0001281421  5.  43.05  146.84  46 6.6  79.68 338.10                               
0001281639 23.  26.06  124.55  85 6.1  99.75 352.85                               
0003210402 25.  41.00   24.00   0 6.5  56.56  64.61                               
0003251615  2.  44.00  150.00   0 7.0  78.05 336.19                               
0004192355 16.  36.52   27.35  33 7.0  61.61  65.99                               
0004230927 23. -28.29  -62.94   4 6.5  82.19 179.68                               
0005121843 15. -23.78  -66.74  94 6.1  77.74 183.22                               
0005122310 26.  35.91   70.68  77 6.1  81.81  36.07                               
0006041752 12.  28.66   65.31   8 6.0  86.28  43.40                               
0006060241 50.  40.70   32.98  10 6.0  61.44  59.09                               
0006061457  1.  29.41  131.46  27 6.0  95.71 347.11                               
0006072146 55.  26.80   97.19  33 6.5  97.55  17.50                               
0006101843 28.  46.61  152.74  45 6.0  74.94 335.26                               
0006151110 46.  29.33  132.10  12 6.0  95.71 346.55                               
0006160755 35. -33.81  -70.06  14 6.2  87.91 185.62                               
0007010701 55.  34.18  139.16   9 6.1  89.80 341.58                               
0007071546 46.  51.40  179.98  48 6.4  62.21 320.96                               
0007110132 26.  57.45 -154.41  42 6.2  47.55 313.20                               
0007150130 31.  34.34  139.24  13 6.0  89.63 341.55                               
0007172253 44.  36.27   70.96  14 6.1  81.58  35.71                               
0007201839 19.  36.49  140.94  51 6.0  87.22 340.70                               
0007210153 36.   9.42  -85.32  42 6.2  47.85 209.93                               
0007301225 45.  33.90  139.38   8 6.5  90.03 341.33                               
0008042113  3.  48.75  142.24  13 6.2  75.11 342.89                               
0008042129 28.  48.88  142.15  16 6.3  75.00 342.99                               
0008060727 14.  28.80  139.60  17 6.3  94.95 339.98                               
0008091141 44.  18.16 -102.58  16 6.1  46.75 235.68                               
0009120027 58.  35.37   99.37  12 6.3  89.48  14.06                               
0009282323 42.  -0.25  -80.60  19 6.0  56.01 201.02                               
0010020225 32.  -7.84   30.82  40 6.6  98.75  91.33                               
0010060430 17.  35.38  133.16   1 6.7  89.59 346.64                               
0010270421 53.  26.26  140.56  12 6.0  97.22 338.55                               
0011080659 59.   7.14  -77.84  17 6.4  48.22 199.52                               
0011251809 11.  40.22   49.94  51 6.4  69.87  48.36                               
0011251810 46.  40.19   49.95  22 6.2  69.89  48.37                               
0012040442 15.  15.01  -93.83  36 6.0  45.62 223.36                               
0012061711  6.  39.49   54.81  33 6.7  72.57  45.52                               
0012201123 54. -39.02  -74.73  11 6.1  93.44 188.87                               
0101101602 43.  56.99 -153.46  33 6.9  47.42 312.28                               
0101131733 34.  13.00  -88.73  83 6.3  45.55 215.88                               
0101260316 40.  23.44   70.31  16 7.9  92.95  41.70                               
0101260423 42.  23.42   70.12  10 6.3  92.89  41.86                               
0102131422  5.  13.70  -88.87   8 6.4  44.95 216.41                               
0102250221 58.  36.48   70.86  86 6.0  81.35  35.69                               
0102281854 31.  47.15 -122.63  56 6.4  37.18 284.54                               
0103151302 43. -32.35  -71.48  53 6.1  86.54 186.92                               
0103240627 53.  34.09  132.55  52 6.3  90.95 346.93                               
0104090900 57. -32.75  -73.15  10 6.1  87.07 188.28                               
0104142327 26.  30.12  141.77  10 6.0  93.22 338.46                               
0105200421 44.  18.86 -104.47  33 6.1  47.09 238.28                               
0105250040 50.  44.21  148.35  33 6.7  78.24 337.41                               
0106141948 47.  51.15 -179.86  18 6.3  62.35 320.70                               
0106232033  9. -16.30  -73.56   2 8.2  70.75 190.43                               
0106232127 35. -17.18  -72.64  33 6.0  71.53 189.41                               
0106232309 57. -16.66  -73.53  10 6.9  71.10 190.36                               
0106260418 32. -17.83  -71.63  33 6.7  72.09 188.33                               
0107051353 49. -16.08  -73.84  71 6.0  70.56 190.74                               
0107070938 43. -17.57  -72.01  33 6.5  71.86 188.74                               
0107240500  8. -19.52  -69.25  33 6.2  73.60 185.85                               
0107260021 38.  39.10   24.27  19 6.5  58.06  66.01                               
0108022341  6.  56.25  163.77  16 6.2  63.33 332.92                               
0108132011 25.  41.03  142.31  57 6.0  82.55 340.80                               
0109122223 47.  27.71  141.88  60 6.0  95.53 337.76                               
0110081814 25.  52.54  160.30   0 6.4  67.55 333.01                               
0110081820 40.  52.65  160.19  48 6.6  67.48 333.13                               
0110092353 38.  47.71  155.06   0 6.4  73.33 334.16                               
0111090047 57.   9.81  -82.21  18 6.0  46.61 206.07                               
0111140926 10.  35.93   90.59  11 6.1  87.38  20.90                               
0111141058 13.  35.64   93.91  18 6.1  88.32  18.36                               
0112021301 53.  39.44  141.16  23 6.1  84.31 341.26                               
0201030706 37.  36.20   68.17  15 6.2  80.66  37.79                               
0201162310 19.  22.50  -93.20  80 6.1  38.64 227.52                               
0201211547 23.  20.20  169.40  10 6.9  93.22 311.61                               
0201220453 52.  35.57   26.63  95 6.1  61.93  67.20                               
0201281350 31.  49.38  155.61  53 6.0  71.65 334.48                               
0201300842 30.  24.40  -95.60  20 6.0  38.06 232.12                               
0202012155 20.  45.40  136.68  53 6.1  79.25 345.87                               
0202030711 31.  38.52   31.20  22 6.4  62.16  61.90                               
0203031208 18.  36.50   70.52   9 6.5  81.22  35.94                               
0203031208  6.  36.47   70.45  95 6.2  81.22  36.00                               
0203110146 30.  34.80  144.10  10 6.0  88.19 337.79                               
0203200359 52.  34.28 -176.45  15 7.0  74.71 308.03                               
0203251456 37.  36.01   69.27  33 6.2  81.22  37.07                               
0203280456 22. -21.66  -68.31   0 6.1  75.68 184.80                               
0204011959 32. -29.63  -71.27  73 6.0  83.82 186.96                               
0204180502 45.  16.98 -100.94  20 6.1  46.99 233.02                               
0204181608 36. -27.52  -70.49  61 6.2  81.66 186.44                               
0204260715 11.  53.50  160.55  60 6.0  66.62 333.33                               
0205250536 32.  53.90 -161.08  33 6.1  52.71 312.80                               
0205280404 23. -28.94  -66.77  25 6.0  82.89 183.06                               
0206160246 16.   8.92  -83.96  47 6.1  47.94 208.00                               
0206181356 22. -30.79  -71.04  53 6.1  84.96 186.67                               
0206220258 21.  35.59   49.02  10 6.4  73.25  51.78                               
0206281719 30.  43.76  130.66  68 6.6  81.61 349.86                               
0207310016 44.   7.94  -82.81  10 6.4  48.57 206.18                               
0208201059 31.  31.02  142.03   5 6.2  92.29 338.47                               
0209240357 20. -31.45  -69.14   5 6.1  85.50 185.00                               
0210031608 29.  23.30 -108.50  10 6.2  45.50 246.02                               
0210122009  9.  -8.32  -71.67  16 6.4  62.62 189.33                               
0210161012 23.  51.87  157.26  23 6.0  68.95 334.52                               
0210191209  5.  44.16  149.87  33 6.2  77.93 336.34                               
0210231127 20.  63.55 -148.07  20 6.7  41.64 318.12                               
0210240608 38.  -1.95   29.05  19 6.2  92.96  89.25                               
0211030337 44.  38.91  141.96  57 6.2  84.67 340.52                               
0211032212 41.  63.63 -147.61  11 8.0  41.42 318.08                               
0211071514  8.  51.20  179.37  46 6.4  62.60 321.17                               
0211170453 55.  47.77  145.99  84 6.1  75.35 340.13                               
0211202132 27.  35.35   74.59  13 6.4  83.63  33.39                               
0301070054 51. -33.74  -70.10  10 6.0  87.84 185.65                               
0301220206 35.  18.90 -104.08  27 7.7  46.86 237.88                               
0301270526 23.  39.48   39.85  10 6.0  65.78  55.50                               
0302190332 35.  53.64 -164.73  14 6.6  54.45 314.42                               
0302240203 43.  39.52   77.21  26 6.3  80.60  29.82                               
0303122341 33.  26.65 -110.58  10 6.4  43.97 251.04                               
0303151941 30.  52.23  160.35  41 6.0  67.82 332.83                               
0303171636 17.  51.24  177.91  32 6.9  63.10 322.03                               
0304010919  9.  48.51  141.94  14 7.6  75.39 343.03                               
0304170048 38.  37.52   96.51  15 6.2  86.93  15.91                               
0304291353 16.  43.63  147.79  57 6.1  78.91 337.61                               
0304292209 11.  53.03  142.51  10 7.8  70.94 343.92                               
0305010027  4.  39.00   40.46  10 6.3  66.45  55.43                               
0305140603 33.  18.36  -58.63  20 6.5  35.72 172.39                               
0305211844 20.  36.99    3.66  13 6.3  47.91  82.11                               
0305211851 13.  37.09    3.59  24 6.3  47.80  82.06                               
0305260924 33.  38.87  141.52  71 6.5  84.80 340.84                               
0306151924 35.  51.56  176.85  34 6.4  63.22 322.84                               
0306162208  2.  55.48  159.94  82 6.2  65.01 334.64                               
0306200619 40.  -7.63  -71.71  72 6.3  61.94 189.45                               
0306201330 43. -30.62  -71.54  43 6.2  84.82 187.11                               
0306231212 31.  51.45  176.71   1 6.4  63.36 322.85                               
0307211516 32.  25.97  101.26  10 6.0  99.02  14.02                               
0307252213 31.  38.48  141.06  14 6.0  85.26 341.10                               
0307270625 31.  47.10  139.21  68 6.3  77.21 344.50                               
0308140514 54.  38.99   20.56  12 6.2  56.13  68.56                               
0309172134 47. -21.43  -68.27  26 6.0  75.45 184.78                               
0309220445 36.  19.80  -70.66  10 6.6  34.56 192.27                               
0309251950  7.  41.75  143.87  33 6.8  81.55 339.85                               
0309252057 13.  41.68  143.65  31 6.0  81.66 339.99                               
0309252107 59.  41.68  143.60  32 7.4  81.67 340.03                               
0309271133 25.  50.01   87.78  16 6.5  73.28  18.93                               
0309271158  6.  49.98   88.09  10 6.3  73.37  18.75                               
0309271852 46.  50.09   87.76   4 6.6  73.20  18.92                               
0309290236 55.  42.40  144.37  41 6.4  80.82 339.67                               
0310010103 26.  50.16   87.71  18 6.3  73.13  18.93                               
0310080906 56.  42.59  144.55  45 6.6  80.60 339.60                               
0310110111 30.  43.90  148.20  46 6.2  78.56 337.41                               
0310282148 22.  43.82  147.74  75 6.0  78.74 337.71                               
0310310106 30.  37.85  142.61  23 6.9  85.57 339.75                               
0311091952 37.  -0.59  -19.74   9 6.1  65.25 130.64                               
0311120826 43.  33.24  137.05  82 6.1  91.10 343.09                               
0311170643  5.  51.10  178.64  27 7.3  62.95 321.52                               
0312010138 35.  42.88   80.52  33 6.0  78.39  26.21                               
0312052126  9.  55.59  165.76  10 6.0  63.36 331.47                               
0312221915 56.  35.67 -121.05  10 6.0  43.40 269.44                               
0312250711 11.   8.36  -82.82  33 6.4  48.17 206.34                               
0312260156 53.  28.97   58.30  15 6.8  83.04  48.65                               
0312290130 54.  42.39  144.64  29 6.0  80.78 339.48                               
0401022133 10.  12.03   44.62  27 6.5  90.51  68.53                               
0401161807 53.   7.66  -37.66  10 6.0  50.64 146.31                               
0402240227 46.  35.26   -4.00   9 6.0  44.60  89.73                               
0403271845 27.  33.94   89.21  32 6.0  89.00  22.52                               
0403271847 27.  33.99   89.18   9 6.0  88.94  22.53                               
0404052124  0.  36.56   71.00  68 6.4  81.33  35.56                               
0404140154  8.  55.29  162.65  57 6.1  64.47 333.03                               
0404290057 25.  10.72  -86.11  53 6.0  46.85 211.47                               
0405030436 47. -37.81  -73.42  17 6.6  92.13 187.99                               
0405281238 43.  36.32   51.59  17 6.3  73.81  49.56                               
0405292056 10.  34.17  141.43  35 6.7  89.37 339.75                               
0406101519 56.  55.70  159.99  87 6.2  64.80 334.72                               
0406280949 46.  54.82 -134.49  20 6.8  39.66 301.29                               
0407112308 41.  30.72   83.67   8 6.2  90.68  27.94                               
0407112346 11. -20.17 -126.91  13 6.0  91.88 237.28                               
0407190801 48.  49.55 -127.01  26 6.2  38.36 290.39                               
0407220945 15.  26.50  128.85  33 6.0  98.91 349.01                               
0408070930 15.  51.77 -166.24   8 6.2  56.42 313.62                               
0408281341 27. -34.98  -70.31   6 6.3  89.09 185.74                               
0409051007  7.  33.07  136.73  19 6.7  91.32 343.32                               
0409051457 17.  33.21  137.07  10 7.2  91.12 343.07                               
0409051457 28.  33.21  137.13   1 6.1  91.11 343.02                               
0409062329 34.  33.20  137.29  17 6.3  91.09 342.88                               
0409070319 54.  12.39  -89.06  12 6.5  46.24 216.00                               
0409071153  4. -28.57  -65.88  22 6.1  82.50 182.29                               
0409081458 26.  33.20  137.19  30 6.0  91.11 342.96                               
0409130300 10.  43.98  151.41   0 6.0  77.73 335.21                               
0410092126 54.  11.42  -86.71  58 7.0  46.37 212.55                               
0410230855 58.  37.30  138.77   8 6.4  86.83 342.58                               
0410230903 11.  37.36  138.89  14 6.0  86.75 342.50                               
0410230911 56.  37.27  138.70  18 6.1  86.87 342.63                               
0410230934  5.  37.34  138.90  23 6.2  86.77 342.49                               
0411021002 11.  49.21 -128.83  13 6.5  39.54 290.93                               
0411111002 46.  42.03  144.35  41 6.0  81.18 339.58                               
0411150906 55.   4.74  -77.47  15 6.5  50.50 198.43                               
0411190016 11.  13.46  -89.59  59 6.8  45.43 217.21                               
0411200807 22.   9.59  -84.15  24 6.3  47.35 208.50                               
0411202201 44.  13.35  -90.28  40 6.0  45.78 218.02                               
0411202321 55.  13.30  -90.30  32 6.9  45.83 218.02                               
0411211141  7.  15.73  -61.68  21 6.2  38.19 177.48                               
0411280235  9. -26.71 -113.96  10 6.2  91.69 223.72                               
0411281832 12.  42.90  145.21  43 6.9  80.17 339.21                               
0412061415 10.  42.77  145.25  36 6.6  80.29 339.15                               
0412142320 11.  18.98  -81.40   9 6.0  37.59 208.79                               
0412180646 19.  48.87  156.37  16 6.2  71.92 333.79                               
0501120840  1.  -0.88  -21.12  10 6.1  64.90 132.15                               
0501181409  5.  42.82  144.92  50 6.2  80.31 339.40                               
0501190611 32.  33.96  141.53  13 6.5  89.55 339.62                               
0502091846  7.  26.12  144.06  17 6.1  96.55 335.46                               
0502142338  8.  41.67   79.34  31 6.1  79.20  27.48                               
0502162027 53. -35.79  -16.43  10 6.2  98.38 143.25                               
0502220225 21.  30.77   56.81  13 6.4  80.83  48.84                               
0502252304  1.  38.08   72.69   7 6.0  80.52  33.67                               
0503060521 40.  84.92   99.72   3 6.1  40.98   2.26                               
0503200153 41.  33.75  130.25   9 6.7  91.57 348.76                               
0503211223 53. -24.94  -63.46  77 6.0  78.84 180.15                               
0503212113 39.  13.26  -89.52  58 8.0  45.59 217.01                               
0504072004 40.  30.52   83.66  15 6.1  90.87  28.02                               
0504102222 14.  35.57  140.47  43 6.1  88.20 340.85                               
0504111454  5.  -7.31  -77.96  29 6.0  62.45 196.45                               
0505210511 34.  -3.23  -80.95  40 6.0  59.00 200.68                               
0506132244 32. -19.92  -69.22  12 6.7  74.00 185.79                               
0506141710 15.  51.16  179.48  54 6.0  62.59 321.08                               
0506150250 55.  41.45 -125.58  18 7.0  42.24 279.27                               
0506170621 41.  40.75 -126.47  12 6.5  43.21 279.10                               
0508031103 13.  11.30  -85.50  14 6.4  46.11 210.94                               
0508160246 26.  38.20  142.11  38 6.4  85.33 340.22                               
0508241014 45.  38.49  143.18   6 6.1  84.83 339.49                               
0509210225  6.  43.88  146.23   2 6.0  79.02 338.78                               
0509260155 37.  -5.74  -76.48  29 6.5  60.66 195.08                               
0510080350 35.  34.52   73.64   8 7.6  84.08  34.44                               
0510080426 10.  34.65   73.12  14 6.4  83.78  34.78                               
0510081046 27.  34.72   73.14  14 6.5  83.73  34.74                               
0510151006 15.  46.84  154.18  43 6.0  74.36 334.39                               
0510191144 42.  36.37  140.94  43 6.3  87.33 340.67                               
0511142138 50.  38.05  144.88  14 6.9  84.89 338.08                               
0511271022 17.  26.75   55.83  10 6.0  83.83  51.68                               
0512021313  9.  38.06  142.18  38 6.0  85.45 340.14                               
0512031610 39.  29.28  130.29  40 6.1  95.99 348.11                               
0512051219 53.  -6.24   29.68  16 6.2  96.79  91.29                               
0512122147 44.  36.41   71.10  24 6.0  81.50  35.55                               
0601040832 33.  28.23 -112.13  14 6.8  43.62 254.02                               
0601081134 54.  36.28   23.27  58 6.4  59.57  68.95                               
0601232050 47.   6.89  -77.78  24 6.0  48.45 199.37                               
0601232052 32.   7.23  -77.75   9 6.0  48.11 199.42                               
0602280731  4.  28.11   56.83  31 6.1  83.12  50.21                               
0604202325  2.  61.04  167.10  27 7.6  58.32 334.00                               
0604210432 45.  60.61  165.83  17 6.1  59.02 334.35                               
0604211114 19.  61.40  167.54  45 6.0  57.91 334.02                               
0604291658  6.  60.58  167.54  13 6.7  58.60 333.50                               
0604301917 15. -27.10  -71.23  14 6.5  81.29 187.14                               
0604301926 17. -27.03  -71.01  28 6.1  81.21 186.95                               
0604302009 29. -27.12  -71.13  28 6.3  81.30 187.05                               
0604302132 59. -27.13  -70.92  34 6.2  81.30 186.86                               
0604302141  1. -27.23  -71.01  30 6.5  81.40 186.93                               
0604302159 51. -27.31  -71.09  32 6.2  81.49 186.99                               
0605100242 55.  52.60 -169.22  54 6.0  57.06 315.90                               
0605221112  0.  60.82  165.77  16 6.0  58.85 334.51                               
0605221308  2.  54.33  158.41  90 6.2  66.43 334.96                               
0606140418 44.  51.77  177.14  29 6.5  62.95 322.81                               
0606221053 12.  45.42  149.31   6 6.1  76.87 337.14                               
0607082039 59.  51.32 -179.27   8 6.2  62.00 320.48                               
0607082041 52.  51.43 -179.22  35 6.1  61.89 320.53                               
0608061816 41.  26.24  144.00  24 6.0  96.45 335.54                               
0608111430 41.  18.54 -101.07  60 6.0  45.69 234.24                               
0608171520 35.  46.60  141.86  18 6.0  77.25 342.57                               
0608242150 37.  51.18  157.40  54 6.2  69.54 334.13                               
0609011025 17.  53.32  159.70  54 6.0  67.01 333.73                               
0609220232 24. -26.85  -63.11  83 6.0  80.75 179.83                               
0609301750 24.  46.31  153.14  21 6.5  75.12 334.88                               
0609301756 17.  46.28  153.11  14 6.4  75.15 334.89                               
0610010906  2.  46.47  153.21  21 6.0  74.95 334.89                               
0610121805 58. -31.29  -71.44  44 6.1  85.48 186.97                               
0610131351 35.  46.23  153.23  35 6.1  75.17 334.79                               
0610151707 45.  19.88 -156.12   5 6.2  75.67 284.20                               
0610151714 13.  20.12 -156.16  20 6.2  75.50 284.39                               
0610201048 57. -13.50  -76.67  34 6.6  68.36 194.00                               
0610232117 23.  29.47  140.34  31 6.2  94.15 339.51                               
0611122127 43.  48.35  154.22  43 6.1  72.95 334.95                               
0611130126 36. -26.16  -63.29  82 6.2  80.06 179.99                               
0611151114 14.  46.68  153.21  12 6.4  74.76 334.97                               
0611151129 24.  46.40  154.37  17 6.1  74.72 334.10                               
0611151134 58.  46.71  155.22  12 6.2  74.21 333.65                               
0611151140 55.  46.52  154.63   8 6.3  74.54 333.97                               
0611171803 13.  28.62  129.90  25 6.0  96.69 348.36                               
0612071910 22.  46.18  154.38  17 6.2  74.92 334.00                               
0612300830 48.  13.27   51.36   8 6.4  93.08  62.35                               
0701081721 50.  39.82   70.31  18 6.0  78.15  34.63                               
0701130423 23.  46.23  154.50  22 7.1  74.85 333.94                               
0702042056 59.  19.40  -78.41  10 6.0  36.40 204.48                               
0702121035 24.  35.92  -10.24  30 6.1  40.47  94.20                               
0702170002 57.  41.80  143.51  33 6.0  81.57 340.13                               
0702240236 22.  -6.97  -80.45  10 6.1  62.56 199.26                               
0703090322 42.  43.23  133.51  41 6.0  81.81 347.71                               
0703180211  7.   4.64  -78.46  18 6.3  50.79 199.66                               
0703250041 57.  37.33  136.57   2 7.0  87.17 344.30                               
0704050356 49.  37.38  -24.63   4 6.2  31.12 106.13                               
0704211753 45. -45.23  -72.49  24 6.0  99.44 186.55                               
0704291241 58.  52.01 -179.96  27 6.1  61.70 321.34                               
0705302022 13.  52.15  157.22  22 6.2  68.70 334.67                               
0707151308  1.  52.53 -168.08  13 6.0  56.64 315.23                               
0707160113 21.  37.56  138.48   7 6.3  86.63 342.86                               
0707161417 37.  36.86  134.82  49 6.1  87.90 345.58                               
0707211327  3.  -8.09  -71.21  34 6.1  62.35 188.85                               
0707270618 16.  13.02  -90.37  33 6.1  46.12 217.96                               
0707290454 37.  53.67  169.70  30 6.0  63.84 328.19                               
0708020237 44.  46.95  141.79  21 6.3  76.93 342.71                               
0708020321 47.  51.36 -179.98  54 6.2  62.23 320.91                               
0708152022 13.  50.34 -177.57  19 6.2  62.13 318.84                               
0708152340 58. -13.38  -76.56  41 6.6  68.23 193.90                               
0708160019 16. -14.22  -75.92  55 6.1  68.97 193.11                               
0708160102 22. -13.34  -76.61  26 6.3  68.19 193.96                               
0708160516 56. -14.28  -76.09  25 6.1  69.05 193.28                               
0708160943 52. -14.07  -76.06  32 6.1  68.84 193.28                               
0708180252 36. -13.81  -76.30  33 6.0  68.62 193.57                               
0708202242 28.   8.13  -39.25   1 6.2  49.69 148.06                               
0709031614 54.  45.80  150.10   1 6.2  76.33 336.74                               
0709100149 14.   3.00  -77.90  29 6.7  52.29 198.55                               
0709260443 18.  -3.96  -79.22   2 6.0  59.37 198.54                               
0710021800  8.  54.54 -161.78  44 6.2  52.58 313.74                               
0710251350  3.  46.06  154.18  14 6.0  75.09 334.09                               
0711141540 49. -22.32  -69.78  34 6.6  76.43 186.17                               
0711151503  9. -22.90  -70.41  31 6.4  77.05 186.72                               
0711151506  0. -22.74  -70.08  35 6.1  76.86 186.42                               
0711151515 48. -22.89  -70.28  28 6.1  77.03 186.60                               
0711160313  0.  -2.34  -77.79  24 6.3  57.52 197.24                               
0711291900 19.  14.99  -61.22  47 6.8  38.94 176.80                               
0712160809 20. -22.89  -70.13  57 6.1  77.02 186.46                               
0712190930 28.  51.40 -179.54  36 7.0  62.03 320.69                               
0712190944 21.  51.13 -179.26  50 6.0  62.15 320.34                               
0712210724 35.  51.34 -178.97  38 6.0  61.87 320.32                               
0712262204 56.  52.59 -168.25  36 6.2  56.67 315.37                               
0801051101  5.  51.26 -130.76  10 6.5  39.51 294.69                               
0801051144 48.  51.15 -130.54  10 6.5  39.44 294.43                               
0801060514 21.  37.26   22.70  84 6.0  58.54  68.56                               
0801090826 48.  32.40   85.26  28 6.4  89.51  26.13                               
0802030734 10.  -2.39   28.89   4 6.0  93.22  89.64                               
0802041701 31. -20.19  -69.95  43 6.2  74.31 186.48                               
0802080938 13.  10.73  -41.90   4 6.9  46.42 150.34                               
0802141009 23.  36.52   21.67  32 6.6  58.51  69.85                               
0802141208 57.  36.38   21.83  35 6.0  58.70  69.86                               
0802201827  7.  36.30   21.78  17 6.0  58.73  69.96                               
0802210246 18.  77.06   18.57  10 6.0  36.28  22.00                               
0802270654 23.  26.88  142.45  35 6.2  96.20 337.06                               
0803030931  6.  46.39  153.13  37 6.1  75.05 334.92                               
0803142232 14.  27.05  142.55  39 6.0  96.02 337.02                               
0803202232 58.  35.55   81.51  10 7.3  85.53  28.05                               
0803202250 31.  35.34   81.47  10 6.0  85.71  28.16                               
0803202312  2.  35.52   81.45  20 6.0  85.54  28.11                               
0804152259 54.  51.90 -179.37  26 6.4  61.57 320.93                               
0804160554 21.  51.88 -179.10  26 6.5  61.49 320.77                               
0805020133 35.  51.86 -177.49   5 6.8  60.90 319.85                               
0805071602  4.  36.22  141.59  33 6.6  87.35 340.13                               
0805071612 28.  36.31  141.69  37 6.0  87.24 340.07                               
0805071616 37.  36.21  141.74  30 6.5  87.33 340.01                               
0805071645 21.  36.24  141.51  40 6.1  87.35 340.20                               
0805120627 59.  31.06  103.37   8 8.0  94.26  11.42                               
0805120810 59.  31.06  103.48  18 6.0  94.27  11.33                               
0805121111  2.  31.24  103.63  12 6.1  94.11  11.18                               
0805201353 36.  51.19  178.79  29 6.0  62.82 321.50                               
0805231935 35.   7.36  -34.89  10 6.4  51.87 143.14                               
0805250821 49.  32.60  105.38  14 6.0  92.95   9.53                               
0805251918 24.  56.11 -153.80  14 6.0  48.10 311.48                               
0806081225 29.  37.96   21.45  16 6.0  57.35  68.83                               
0806132343 46.  39.15  140.74  12 7.1  84.67 341.50                               
0806222356 31.  67.70  141.18  22 6.0  57.04 349.20                               
0807050212  6.  53.95  152.86  46 6.6  68.08 338.02                               
0807080742 11.  27.56  128.37  50 6.0  97.91 349.57                               
0807150326 36.  35.92   27.80  65 6.3  62.30  66.13                               
0807190239 29.  37.54  142.26  28 7.2  85.94 339.94                               
0807190247 29.  37.56  142.43  30 6.0  85.88 339.82                               
0807231526 20.  39.80  141.50  13 6.5  83.90 341.09                               
0807240143 18.  50.93  157.51  45 6.0  69.74 333.96                               
0808050949 17.  32.76  105.49   6 6.0  92.80   9.42                               
0808112338 38.  -1.02  -21.84  13 6.0  64.72 132.93                               
0808211224 30.  25.04   97.70  10 6.0  99.37  17.39                               
0808251321 58.  30.90   83.52  12 6.2  90.47  28.01                               
0808262100 36.  -7.64  -74.38  54 6.4  62.25 192.43                               
0808270135 32.  51.61  104.16  16 6.2  73.97   8.06                               
0808281522 23.  -0.25  -17.36  12 6.3  66.03 128.15                               
0808300830 53.  26.24  101.89  11 6.0  98.84  13.42                               
0809101100 34.  26.77   55.83  12 6.0  83.81  51.67                               
0809101308 14.   8.13  -38.68   3 6.2  49.87 147.36                               
0809110020 52.  41.94  143.83  39 6.0  81.37 339.94                               
0809240233  5.  17.52 -105.46  10 6.2  48.72 238.40                               
0810051552 50.  39.56   73.79  29 6.9  79.52  32.26                               
0810051611 11.  39.51   73.87  40 6.2  79.59  32.23                               
0810052256 27.  33.87   69.49   1 6.0  83.22  37.85                               
0810060830 44.  29.84   90.38   6 6.0  93.21  22.66                               
0810122055 41. -20.18  -64.98  58 6.0  74.09 181.64                               
0810282309 58.  30.59   67.37  19 6.1  85.37  40.92                               
0810291132 41.  30.50   67.56   3 6.0  85.53  40.82                               
0811100121 59.  37.62   95.89   0 6.5  86.73  16.37                               
0811221849 42.  -1.19  -14.02   8 6.0  68.44 125.44                               
0811240903  0.  54.22  154.29   5 6.5  67.51 337.29                               
0812182119 29. -32.38  -71.67  24 6.0  86.58 187.07                               
0812201029 20.  36.55  142.50   0 6.0  86.85 339.50                               
0901081921 34.  10.22  -84.22  11 6.0  46.77 208.84                               
0901151749 38.  46.83  155.25  31 6.8  74.10 333.68                               
0902021753 21. -13.58  -76.56  21 6.0  68.42 193.87                               
0902091409  2.  -6.57  -81.15  15 6.0  62.31 200.11                               
0902150924 31.  40.24  142.24  33 6.1  83.33 340.65                               
0902151004 49.  -5.85  -80.89  21 6.1  61.55 199.99                               
0903061050 29.  80.32   -1.85   9 6.6  32.45  15.98                               
0903122323 34.   5.69  -82.77   9 6.2  50.74 205.36                               
0903300713  7.  56.55 -152.74  21 6.0  47.36 311.48                               
0903301207 28.  51.53 -178.26  31 6.0  61.45 320.05                               
0903301211 54.  51.53 -178.27  31 6.0  61.45 320.06                               
0904060132 39.  42.33   13.33   9 6.3  49.85  70.22                               
0904070423 33.  46.05  151.55  31 6.9  75.75 335.85                               
0904170208  8. -19.58  -70.48  25 6.1  73.74 187.05                               
0904181917 58.  46.02  151.43  35 6.3  75.81 335.92                               
0904210526 11.  50.83  155.01  52 6.2  70.46 335.45                               
0905031621 45.  14.55  -91.14   8 6.2  44.99 219.75                               
0905100116  6.   1.39  -85.17   6 6.1  55.51 206.86                               
0905280824 46.  16.73  -86.22  19 7.3  41.21 214.48                               
0906050330 33.  41.82  143.44  29 6.4  81.57 340.19                               
0906062033 28.  23.86  -46.10  14 6.0  32.69 149.95                               
0907010930 10.  34.16   25.47  19 6.1  62.34  69.07                               
0907031100 14.  25.13 -109.75  10 6.0  44.71 248.86                               
0907040649 35.   9.59  -78.97  38 6.0  46.05 201.71                               
0907061453 12.  50.44  176.99  22 6.1  64.09 322.05                               
0907081923 37. -36.00 -102.69  12 6.0  96.12 211.09                               
0907120612 47. -15.04  -70.44  99 6.1  69.21 187.38                               
0908031759 56.  29.04 -112.90  10 6.2  43.44 255.53                               
0908031840 50.  29.31 -113.73  10 6.2  43.71 256.58                               
0908091055 55.  33.17  137.94  92 6.5  91.01 342.34                               
0908102007  9.  34.74  138.26  40 6.2  89.42 342.42                               
0908122248 51.  32.82  140.40  53 6.6  90.89 340.26                               
0908200635  4.  72.20    0.94   6 6.0  32.05  31.25                               
0908280152  6.  37.70   95.72  13 6.2  86.63  16.49                               
0909031326 17.  31.14  130.01  63 6.2  94.18 348.60                               
0909072241 37.  42.66   43.44  15 6.0  64.99  50.99                               
0909100246 50.  48.32  154.19  36 6.0  72.99 334.96                               
0909122006 25.  10.71  -67.93  14 6.3  43.35 186.64                               
0909172321 38. -29.14 -112.27  10 6.2  93.19 221.29                               
0909210853  5.  27.33   91.44  14 6.1  95.88  22.40                               
0909240716 20.  18.83 -107.34  13 6.3  48.57 241.34                               
0910102124 38.  47.85  152.46  12 6.0  73.85 335.90                               
0910130537 23.  52.75 -167.00  24 6.4  56.03 314.84                               
0910132021 53.  52.60 -167.12  14 6.4  56.19 314.78                               
0910151748 21.   3.27 -103.82  10 6.0  60.45 228.22                               
0910220051 39.   6.73  -82.58  18 6.0  49.68 205.47                               
0910221951 27.  36.52   70.95  86 6.1  81.35  35.61                               
0910291744 32.  36.39   70.72  10 6.2  81.39  35.84                               
0910300703 39.  29.22  129.78  34 6.8  96.11 348.54                               
0911130305 57. -19.39  -70.32  27 6.4  73.54 186.90                               
0911141944 29. -22.96  -66.64  20 6.2  76.91 183.16                               
0911171530 47.  52.12 -131.40  17 6.6  39.40 296.17                               
0912091600 43.  -0.64  -21.07  10 6.4  64.71 131.99                               
0912100230 52.  53.42  152.76  56 6.3  68.59 337.87                               
0912172001 21.  51.40  179.96  35 6.2  62.22 320.97                               
0912240023 31.  42.24  134.72  92 6.3  82.63 346.65                               
1001100027 39.  40.65 -124.69  29 6.3  42.23 277.72                               
1001122153 10.  18.44  -72.57  13 7.0  36.17 195.00                               
1001122200 41.  18.39  -72.78  10 6.0  36.26 195.32                               
1001271742 45. -14.10  -14.55  10 6.0  79.63 132.16                               
1002042020 21.  40.41 -124.96  24 6.0  42.54 277.64                               
1002060444 58.  46.84  152.73  30 6.0  74.73 335.35                               
1002180113 19.  42.59  130.70  78 6.9  82.77 349.66                               
1002262031 26.  25.93  128.43  25 7.0  99.53 349.32                               
1002270634 11. -36.12  -72.90  23 8.5  90.40 187.74                               
1002270651 17. -31.66  -69.14  40 6.0  85.71 184.98                               
1002270652 34. -34.87  -72.61  35 6.2  89.13 187.63                               
1002270712 28. -33.88  -71.94  35 6.0  88.10 187.17                               
1002270737 17. -36.87  -72.67  35 6.0  91.13 187.49                               
1002270801 23. -37.77  -75.05  35 7.4  92.23 189.27                               
1002270825 29. -34.75  -72.43  35 6.1  89.00 187.49                               
1002271030 36. -33.28  -71.95  35 6.1  87.50 187.23                               
1002271545 37. -24.87  -65.60  10 6.3  78.80 182.13                               
1002271724 30. -36.35  -73.21  19 6.1  90.66 187.97                               
1002271900  6. -33.42  -71.83  31 6.2  87.63 187.12                               
1002272312 34. -34.70  -71.83  35 6.0  88.91 187.01                               
1002281125 35. -34.90  -71.62  46 6.2  89.09 186.82                               
1003031744 25. -36.61  -73.36  20 6.1  90.93 188.06                               
1003040159 48. -33.22  -72.12  24 6.0  87.45 187.38                               
1003042239 26. -22.23  -68.33  14 6.3  76.25 184.79                               
1003050919 36. -36.63  -73.22  30 6.0  90.94 187.95                               
1003051147  6. -36.66  -73.37  18 6.1  90.98 188.06                               
1003070705 24. -16.24 -115.30  18 6.2  82.97 229.67                               
1003080232 34.  38.86   39.99  12 6.0  66.33  55.84                               
1003111439 43. -34.29  -71.89  11 6.9  88.50 187.09                               
1003111455 27. -34.33  -71.80  18 6.7  88.54 187.01                               
1003111506  2. -34.47  -72.00  32 6.0  88.69 187.17                               
1003121650  1. -34.23  -71.92   7 6.1  88.45 187.12                               
1003140808  3.  37.74  141.59  32 6.5  85.88 340.51                               
1003151108 28. -35.80  -73.16  14 6.1  90.10 187.98                               
1003160221 57. -36.22  -73.26  18 6.7  90.53 188.02                               
1003261452  7. -27.95  -70.82  42 6.1  82.11 186.70                               
1003282138 28. -35.39  -73.39  30 6.0  89.72 188.21                               
1003300102 51.  43.31  138.38   8 6.1  81.03 344.21                               
1004022258  7. -36.23  -72.88  24 6.0  90.51 187.72                               
1004042240 43.  32.30 -115.28   4 7.3  42.40 260.97                               
1004112208 12.  36.97   -3.54  10 6.3  43.70  87.58                               
1004132349 38.  33.16   96.55  17 7.0  91.21  16.76                               
1004140125 15.  33.20   96.45   8 6.0  91.15  16.84                               
1004231003  6. -37.53  -72.97  32 6.0  91.81 187.66                               
1004302311 43.  60.47 -177.88  12 6.0  54.39 326.54                               
1004302316 28.  60.48 -177.65  15 6.3  54.31 326.45                               
1005031027 45.  29.64  140.95  84 6.1  93.86 339.04                               
1005032309 44. -38.07  -73.45  19 6.2  92.39 187.98                               
1005060242 47. -18.06  -70.55  37 6.2  72.23 187.24                               
1005190415 43.  -5.08  -77.54  32 6.0  60.18 196.40                               
1005232246 52. -13.93  -74.35   1 6.3  68.48 191.53                               
1005241618 29.  -8.09  -71.56  81 6.5  62.38 189.24                               
1005260853  8.  25.77  129.94  10 6.2  99.51 347.93                               
1006010326 15.   9.33  -84.21  18 6.0  47.62 208.48                               
1006130332 57.  37.37  141.62  27 6.3  86.23 340.39                               
1006180223  5.  44.45  148.69  28 6.2  77.93 337.25                               
1006290140  0. -37.84  -73.28  17 6.0  92.14 187.87                               
1006300722 27.  16.40  -97.78  20 6.0  46.05 228.97                               
1007042155 51.  39.70  142.37  27 6.4  83.83 340.41                               
1007120011 21. -22.15  -68.22  15 6.2  76.17 184.69                               
1007140832 21. -38.07  -73.31  22 6.5  92.37 187.87                               
1007180556 44.  52.88 -169.85  14 6.3  57.11 316.46                               
1007181948  4.  52.81 -169.72  10 6.0  57.11 316.33                               
1007300356 13.  52.50  159.84  23 6.3  67.71 333.26                               
1008041258 24.  51.42 -178.65  27 6.4  61.68 320.20                               
1008042348  2.  45.98  153.18  28 6.0  75.42 334.73                               
1008121154 15.  -1.27  -77.31   7 7.1  56.38 196.90                               
1008240211 59.  18.80 -107.19  10 6.0  48.52 241.16                               
1009031116  6.  51.45 -175.87  24 6.3  60.60 318.66                               
1009090728  1. -37.03  -73.41  16 6.2  91.35 188.06                               
1009171921 15.  36.44   70.77  20 6.3  81.36  35.78                               
1010080326 13.  51.37 -175.36  19 6.2  60.46 318.31                               
1010080349 10.  51.29 -175.18  28 6.0  60.45 318.16                               
1010211753 13.  24.70 -109.16  13 6.7  44.73 247.88                               
1011300324 41.  28.36  139.15  87 6.8  95.47 340.27                               
1012071817 39.  54.36  169.12  10 6.1  63.43 328.92                               
1012201841 59.  28.41   59.18  12 6.1  83.91  48.26                               
1012211719 40.  26.90  143.70  14 7.4  95.89 335.98                               
1012222149 38.  26.81  143.60  10 6.3  96.00 336.04                               
1012231400 32.  53.13  171.16  18 6.3  63.84 327.05                               
1101010956 58. -26.80  -63.14  77 7.0  80.70 179.86                               
1101022020 17. -38.35  -73.33  24 7.0  92.65 187.86                               
1101050057 32.  31.55  142.18  21 6.0  91.75 338.48                               
1101122132 55.  26.98  139.87  28 6.2  96.67 339.33                               
1101182023 23.  28.78   63.95  68 7.1  85.62  44.40                               
1101240245 31.  38.41   72.79  10 6.0  80.25  33.46                               
1101270838 28.  28.19   59.01  12 6.2  84.02  48.50                               
1102041353 46.  24.62   94.68  85 6.4  99.20  20.20                               
1102112005 30. -36.47  -73.12  28 6.8  90.77 187.88                               
1102112339 21. -37.20  -73.20  15 6.0  91.50 187.87                               
1102120117  0. -36.40  -73.00  25 6.1  90.69 187.79                               
1102120117  1. -37.03  -72.95  16 6.1  91.31 187.69                               
1102131035  6. -36.65  -73.18  17 6.0  90.95 187.91                               
1102140340  9. -35.38  -72.83  21 6.6  89.66 187.76                               
1102202143 24.  55.92  162.12  33 6.2  64.06 333.65                               
1102210658 36. -27.15  -64.69  13 6.0  81.06 181.25                               
1102251307 26.  17.84  -95.01  23 6.0  43.56 226.56                               
1103010053 46. -29.70 -111.98  10 6.0  93.58 220.82                               
1103061231 59. -18.02  -69.36  18 6.0  72.11 186.06                               
1103090245 20.  38.44  142.84  32 7.3  84.95 339.73                               
1103091816 16.  38.31  142.43  22 6.0  85.16 340.01                               
1103092124  1.  38.30  142.81  15 6.4  85.09 339.72                               
1103110546 24.  38.30  142.37  29 7.2  85.18 340.05                               
1103110554 31.  37.71  141.18  32 6.3  85.99 340.81                               
1103110555 45.  37.36  143.35  35 6.4  85.89 339.06                               
1103110558  7.  37.62  142.16  51 6.3  85.88 340.04                               
1103110600 39.  38.09  142.49  41 6.2  85.36 339.91                               
1103110606 13.  39.00  142.29  43 6.3  84.52 340.29                               
1103110607 20.  36.42  141.88  32 6.4  87.10 339.95                               
1103110608 29.  38.97  143.37   3 6.7  84.33 339.47                               
1103110612 36.  37.79  144.23  25 6.2  85.28 338.50                               
1103110613  1.  37.21  141.60  40 6.2  86.39 340.37                               
1103110615 23.  37.93  143.80  35 6.3  85.24 338.87                               
1103110615 40.  36.28  141.11  43 7.9  87.39 340.52                               
1103110615 45.  36.13  140.23  30 6.8  87.70 341.17                               
1103110618 49.  36.02  142.27  16 6.6  87.40 339.55                               
1103110620  4.  36.00  142.07  49 6.5  87.47 339.70                               
1103110621 32.  38.29  142.81  52 6.2  85.10 339.71                               
1103110623  9.  39.03  142.28  56 6.2  84.49 340.31                               
1103110625 50.  38.06  144.59  19 7.7  84.95 338.30                               
1103110629 15.  37.81  144.23  41 6.1  85.26 338.50                               
1103110648 45.  37.96  142.72  12 6.2  85.44 339.70                               
1103110649 16.  37.34  144.24  47 6.1  85.71 338.37                               
1103110657 16.  35.71  140.88  48 6.0  87.98 340.56                               
1103110659  0.  37.36  144.72  36 6.3  85.59 338.01                               
1103110714 58.  36.59  141.82  25 6.3  86.94 340.04                               
1103110725 36.  37.93  144.53  40 6.1  85.08 338.31                               
1103110728 12.  36.82  141.82  28 6.1  86.72 340.10                               
1103110729  1.  39.03  142.35  45 6.3  84.48 340.26                               
1103110730 18.  37.44  141.19  49 6.0  86.25 340.74                               
1103110812  7.  36.57  141.49  40 6.2  87.03 340.29                               
1103110815 41.  37.05  144.54  41 6.1  85.93 338.06                               
1103110819 24.  36.17  141.56   7 6.5  87.40 340.14                               
1103110826 36.  37.37  143.02  17 6.1  85.95 339.31                               
1103110827 51.  38.02  142.66  43 6.0  85.39 339.76                               
1103110831  9.  37.47  141.18  37 6.0  86.22 340.76                               
1103110833  0.  39.14  142.97  28 6.0  84.25 339.82                               
1103111010 34.  39.19  142.76  26 6.0  84.24 339.99                               
1103111136 40.  39.24  142.46  26 6.5  84.25 340.23                               
1103111513 15.  36.00  141.81  24 6.3  87.52 339.90                               
1103111520  8.  36.40  141.86  53 6.0  87.12 339.96                               
1103111520  8.  36.40  141.86  53 6.0  87.12 339.96                               
1103111859 16.  37.01  138.38   9 6.3  87.18 342.82                               
1103111902 59.  39.34  142.87  27 6.2  84.07 339.94                               
1103111946 50.  40.48  139.06  10 6.2  83.68 343.07                               
1103112011 24.  39.01  142.63  17 6.1  84.44 340.04                               
1103120147 15.  37.59  142.65  20 6.5  85.81 339.66                               
1103121053 30.  39.05  142.28  27 6.0  84.47 340.31                               
1103121315 41.  37.25  141.16  38 6.2  86.44 340.72                               
1103122324 48.  38.05  141.72  15 6.0  85.55 340.48                               
1103130126  4.  35.72  141.64   8 6.1  87.82 339.97                               
1103140102 38.  36.41  140.89  11 6.0  87.30 340.72                               
1103140612 36.  37.78  142.46  14 6.0  85.66 339.85                               
1103150949 52.  37.37  142.30   8 6.0  86.09 339.87                               
1103151327 56.  37.58  142.24  28 6.1  85.90 339.97                               
1103151331 46.  35.27  138.58   9 6.0  88.84 342.28                               
1103151523 54.  40.33  143.29  20 6.1  83.03 339.89                               
1103160352  2.  35.75  140.71  10 6.0  87.98 340.70                               
1103170413 56.  40.14  142.17  29 6.1  83.44 340.68                               
1103171254 52.  36.76  141.20  29 6.1  86.90 340.57                               
1103190956 47.  36.80  140.27   6 6.1  87.04 341.30                               
1103220718 45.  37.24  144.00  11 6.4  85.86 338.53                               
1103220919  6.  37.33  141.79  31 6.0  86.23 340.25                               
1103220944 28.  39.85  143.44   7 6.4  83.47 339.65                               
1103221331 28. -33.10  -15.98  10 6.1  96.12 141.73                               
1103221503 49.  35.80  141.55  35 6.0  87.76 340.06                               
1103251136 24.  38.77  141.88  39 6.2  84.82 340.54                               
1103272223 58.  38.41  142.01  19 6.1  85.15 340.35                               
1103291054 33.  37.40  142.29  15 6.1  86.07 339.88                               
1103310715 30.  38.92  141.82  42 6.0  84.69 340.63                               
1104011157 54.  39.32  141.95  41 6.0  84.28 340.63                               
1104011329 10.  35.66   26.56  60 6.1  61.82  67.18                               
1104021059 37. -19.58  -69.06  84 6.0  73.65 185.66                               
1104071311 22.  17.21  -94.34  66 6.6  43.84 225.33                               
1104071432 43.  38.28  141.59  42 7.1  85.35 340.64                               
1104091257 48.  30.00  131.78  17 6.1  95.09 346.93                               
1104110816 12.  37.00  140.40  11 6.6  86.82 341.25                               
1104112308 16.  35.42  140.57  15 6.2  88.33 340.74                               
1104120507 41.  37.11  140.37  11 6.3  86.72 341.30                               
1104131957 25.  39.58  143.34  22 6.1  83.75 339.66                               
1104211337  3.  35.58  140.31  43 6.2  88.22 340.98                               
1104231012 46.  39.10  142.87  31 6.0  84.31 339.88                               
1104300819 16.   6.85  -82.33   8 6.2  49.50 205.20                               
1105051458 18.  38.17  144.03  11 6.2  84.96 338.76                               
1105051657 36.  55.02 -160.69  36 6.1  51.79 313.65                               
1105092015 53.  37.74  143.54  10 6.0  85.48 339.01                               
1105132247 54.   9.95  -84.31  73 6.0  47.05 208.85                               
1105132335 52.  37.40  141.34  35 6.1  86.26 340.62                               
1105142107 22.  36.41   70.75   7 6.0  81.38  35.81                               
1105151308 13.   0.57  -25.65  10 6.1  61.67 136.06                               
1106011255 22. -37.58  -73.69  21 6.3  91.92 188.22                               
1106030005  0.  37.28  143.91  14 6.1  85.84 338.61                               
1106201636  1. -21.70  -68.23  28 6.5  75.72 184.73                               
1106222150 52.  39.95  142.21  33 6.7  83.62 340.60                               
1106240309 39.  52.05 -171.84  52 7.3  58.54 316.88                               
1107100057 10.  38.03  143.26  23 7.0  85.26 339.30                               
1107160026 12. -33.82  -71.83  20 6.1  88.03 187.08                               
1107161959 12.  54.79 -161.29  36 6.2  52.20 313.73                               
1107191935 43.  40.08   71.41  20 6.1  78.28  33.73                               
1107230434 24.  38.90  141.81  41 6.4  84.71 340.63                               
1107241851 24.  37.73  141.39  35 6.3  85.93 340.66                               
1107261744 20.  25.10 -109.53  12 6.0  44.61 248.60                               
1107272300 30.  10.80  -43.39  10 6.0  45.93 152.25                               
1107301853 49.  36.94  140.96  30 6.0  86.78 340.80                               
1108011458  9.  34.63  138.43  13 6.0  89.50 342.26                               
1108041351 34.  48.83  154.77  36 6.1  72.37 334.79                               
1108102345 43.  -7.04  -12.62  10 6.0  74.25 127.08                               
1108111822  4.  37.03  140.89  44 6.0  86.70 340.87                               
1108171144  8.  36.77  143.77   9 6.2  86.37 338.58                               
1108190536 33.  37.67  141.65  47 6.3  85.93 340.44                               
1108221123 35.  36.08  141.69  12 6.0  87.46 340.02                               
1108241746 11.  -7.64  -74.53  47 7.0  62.27 192.60                               
1109021055 53.  52.17 -171.71  32 6.5  58.40 316.90                               
1109021347  9. -28.40  -63.03  79 6.7  82.30 179.76                               
1109091941 34.  49.53 -126.89  22 6.5  38.30 290.29                               
1109141810  9.  53.11  172.98  15 6.1  63.26 326.01                               
1109150800  9.  36.26  141.34  28 6.0  87.36 340.33                               
1109161926 40.  40.27  142.78  35 6.7  83.20 340.26                               
1109162108  5.  40.24  143.01  18 6.0  83.18 340.08                               
1109181240 51.  27.73   88.16  50 6.9  94.71  25.11                               
1110061112 30. -24.18  -64.22  15 6.1  78.08 180.86                               
1110140610 14.  54.08  123.72  12 6.0  71.86 355.67                               
1110210802 37.  43.89  142.48  87 6.1  79.76 341.43                               
1110231041 22.  38.72   43.51  16 7.3  68.13  53.59                               
1110232045 34.  38.63   43.08   5 6.0  68.00  53.94                               
1110281854 34. -14.44  -75.97  24 6.9  69.19 193.13                               
1111010021 28.  43.65   82.44  28 6.0  78.15  24.60                               
1111011232  0.  19.83 -109.20  10 6.3  48.71 244.03                               
1111072235 25.  11.56  -85.86  77 6.0  45.97 211.52                               
1111080259  8.  27.32  125.62  25 6.9  98.41 352.00                               
1111170157  5.  -1.70  -81.55  27 6.0  57.63 201.75                               
1111221848 16. -15.36  -65.09  50 6.6  69.28 181.85                               
1111231924 31.  37.37  141.37  34 6.1  86.28 340.58                               
1111241025 34.  41.90  142.64  38 6.2  81.65 340.79                               
1111290030 29.  -1.60  -15.45  10 6.0  68.12 127.00                               
1112072223  9. -27.90  -70.92  20 6.1  82.07 186.80                               
1112110147 25.  17.84  -99.96  54 6.2  45.78 232.48                               
1112271521 56.  51.84   95.91  15 6.7  72.84  13.27                               
1201010527 55.  31.46  138.07  65 6.8  92.66 341.87                               
1201120320 49.  36.99  141.07  16 6.0  86.71 340.72                               
1201211847 11.  14.87  -93.00  45 6.2  45.41 222.25                               
1201231604 52. -36.41  -73.03  20 6.2  90.70 187.82                               
1201300511  0. -14.17  -75.64  43 6.3  68.88 192.83                               
1202260617 19.  51.71   95.99  12 6.5  72.98  13.25                               
1203050746 10. -28.25  -63.29  54 6.1  82.15 179.99                               
1203140908 35.  40.89  144.94  12 7.0  82.15 338.83                               
1203141049 24.  40.78  144.76  10 6.1  82.30 338.93                               
1203141205  4.  35.69  140.69  10 6.0  88.04 340.71                               
1203201802 47.  16.49  -98.23  20 7.4  46.17 229.56                               
1203252237  6. -35.20  -72.22  41 7.1  89.43 187.28                               
1203261812 52.  10.07 -104.16  10 6.0  54.55 232.25                               
1203271100 44.  39.86  142.02  15 6.0  83.74 340.72                               
1204021736 42.  16.39  -98.32   9 6.0  46.30 229.60                               
1204112241 46.  43.58 -127.64   8 6.0  42.11 283.16                               
1204112255 10.  18.23 -102.69  20 6.5  46.74 235.85                               
1204120706  0.  28.84 -113.03   9 6.0  43.67 255.46                               
1204120715 48.  28.70 -113.10  13 6.9  43.81 255.40                               
1204170350 15. -32.62  -71.36  29 6.2  86.80 186.79                               
1205012243 33.  14.38  -92.90  14 6.0  45.82 221.85                               
1205122328 43.  38.61   70.35  10 6.0  79.26  35.13                               
1205141000 40. -17.68  -69.59   6 6.4  71.78 186.31                               
1205180200 39. -44.81  -80.16  10 6.3  99.75 192.05                               
1205200203 52.  44.89   11.23   6 6.1  47.03  68.92                               
1205200720 36.  39.65  143.16  11 6.3  83.72 339.81                               
1205231502 25.  41.34  142.08  46 6.0  82.30 341.05                               
1205242247 46.  72.96    5.68  10 6.2  33.44  29.76                               
1205262148 10.  26.91  140.06  87 6.0  96.70 339.15                               
1205280507 23. -28.04  -63.09  87 6.8  81.94 179.81                               
1206020752 53. -22.06  -63.55  27 6.0  75.96 180.24                               
1206040045 15.   5.31  -82.63   7 6.3  51.07 205.07                               
1206040315 24.   5.51  -82.56   7 6.3  50.86 205.04                               
1206051931 33.  34.94  141.13  15 6.1  88.68 340.18                               
1206070405  4. -36.07  -70.57   8 6.0  90.19 185.87                               
1206071603 18. -15.88  -72.41  10 6.1  70.22 189.31                               
1206101244 16.  36.42   28.88  35 6.0  62.51  65.02                               
1206172032 20.  38.90  141.82  36 6.4  84.71 340.62                               
1206191556 32.  53.35  171.62  14 6.2  63.51 326.92                               
1206240315  1.  57.60  163.19  10 6.1  62.30 333.97                               
1206292107 33.  43.43   84.70  18 6.3  78.90  23.09                               
1207022331 37. -14.42  -75.60  40 6.0  69.13 192.76                               
1207081133  2.  45.50  151.29  20 6.0  76.33 335.83                               
1207200610 25.  49.41  155.91  19 6.0  71.55 334.30                               
1208020938 31.  -8.38  -74.25  43 6.1  62.96 192.18                               
1208101837 42.  52.66 -167.43  13 6.2  56.28 314.99                               
1208111223 18.  38.36   46.81  10 6.7  69.97  51.61                               
1208111234 35.  38.39   46.74  11 6.3  69.91  51.63                               
1208121047  6.  35.66   82.52  13 6.3  85.70  27.24                               
1208140259 42.  49.78  145.13  26 7.7  73.60 341.31                               
1208270437 18.  12.09  -88.59  28 7.4  46.36 215.26                               
1209051442 10.  10.12  -85.35  41 7.6  47.19 210.25                               
