1209051442 41
1209031823 9
1208311247 28
1208301343 14
1208270437 28
1208261505 92
1208192241 75
1208180941 10
1208140259 626
1208121047 13
1208111234 11
1208111223 10
1208101837 13
1208020956 71
1208020938 143
1207282003 41
1207260533 10
1207251120 20
1207250027 22
1207200610 19
1207180809 537
1207081133 20
1207060228 160
1207031036 230
1207022331 40
1206292107 18
1206240315 10
1206230434 95
1206191556 14
1206172032 36
1206170343 51
1206162218 28
1206101244 35
1206092100 70
1206071603 110
1206070405 8
1206051931 15
1206040315 7
1206040045 7
1206020752 527
1205280507 587
1205262148 487
1205242247 10
1205232259 10
1205231502 46
1205200720 11
1205200203 6
1205180200 10
1205141000 106
1205122328 10
1205012243 14
1204281008 135
1204231736 114
1204210125 17
1204210116 16
1204171903 12
1204170713 198
1204170350 29
1204150557 25
1204142205 11
1204141056 15
1204120715 13
1204120706 9
1204112255 20
1204112241 8
1204111043 25
1204110927 10
1204110838 20
1204061615 108
1204021736 9
1203271100 15
1203261812 10
1203252237 41
1203212215 118
1203201802 20
1203201756 66
1203142113 28
1203141205 10
1203141049 10
1203140908 12
1203090709 16
1203050746 554
1203031219 14
1202260617 12
1202260521 10
1202140819 51
1202100147 582
1202061010 9
1202060349 11
1202051640 8
1202050015 145
1202030346 8
1202021334 23
1201300511 43
1201240052 580
1201231604 20
1201220553 13
1201211847 45
1201190648 20
1201151421 10
1201151340 8
1201120320 16
1201101836 19
1201090407 28
1201010527 365
1112271521 15
1112260448 90
1112210820 10
1112151010 32
1112140504 141
1112130752 161
1112110954 116
1112110147 54
1112072223 20
1111300027 9
1111290030 10
1111281226 25
1111241025 38
1111231924 34
1111221848 550
1111180751 38
1111170157 27
1111140405 17
1111111041 10
1111080259 225
1111072235 177
1111021459 10
1111011232 10
1111010021 28
1110281854 24
1110270015 603
1110232045 5
1110231041 16
1110211757 33
1110210802 187
1110180505 26
1110140610 12
1110140335 37
1110130316 39
1110080853 6
1110070858 36
1110061112 15
1109222307 10
1109181240 50
1109162108 18
1109161926 35
1109151931 645
1109150800 28
1109150753 10
1109141810 15
1109122244 14
1109091941 22
1109051755 91
1109050952 37
1109032255 185
1109030448 84
1109021347 579
1109021055 32
1109010614 39
1108300657 470
1108242306 13
1108241746 147
1108222012 29
1108221123 12
1108201819 28
1108201713 35
1108201655 32
1108190536 47
1108190354 408
1108171144 9
1108161103 35
1108111822 44
1108102345 10
1108041351 36
1108011458 13
1107312338 10
1107311434 10
1107301853 30
1107290742 523
1107272300 10
1107261744 12
1107250050 10
1107241851 35
1107230434 41
1107220656 612
1107202204 21
1107191935 20
1107161959 36
1107160026 20
1107151326 10
1107112047 19
1107110715 11
1107100057 23
1107091502 14
1107061903 17
1106261216 17
1106240309 52
1106222150 33
1106210204 14
1106201636 128
1106160003 16
1106131431 61
1106130220 6
1106051151 3
1106030005 14
1106011255 21
1105281707 26
1105201943 7
1105151837 40
1105151308 10
1105142107 207
1105132335 35
1105132247 73
1105100855 11
1105092015 10
1105091854 9
1105051657 36
1105051458 11
1104300819 8
1104242307 8
1104231012 31
1104230416 79
1104211337 43
1104181303 86
1104131957 22
1104120507 11
1104112308 15
1104110816 11
1104091257 17
1104071432 42
1104071311 166
1104061401 25
1104032006 14
1104031407 552
1104021059 84
1104011329 60
1104011157 41
1103310715 42
1103310011 16
1103291054 15
1103272223 19
1103262249 10
1103251136 39
1103241355 8
1103221503 35
1103221331 10
1103220944 7
1103220919 31
1103220718 11
1103200826 35
1103190956 6
1103171254 29
1103170413 29
1103170248 17
1103160352 10
1103151523 20
1103151331 9
1103151327 28
1103150949 8
1103140612 14
1103140102 11
1103130126 8
1103122324 15
1103121315 38
1103121053 27
1103120147 20
1103120119 14
1103112011 17
1103111946 10
1103111902 27
1103111859 9
1103111520 53
1103111520 53
1103111513 24
1103111136 26
1103111010 26
1103110833 28
1103110831 37
1103110827 43
1103110826 17
1103110819 7
1103110815 41
1103110812 40
1103110730 49
1103110729 45
1103110728 28
1103110725 40
1103110714 25
1103110659 36
1103110657 48
1103110649 47
1103110648 12
1103110629 41
1103110625 19
1103110623 56
1103110621 52
1103110620 49
1103110618 16
1103110615 30
1103110615 43
1103110615 35
1103110613 40
1103110612 25
1103110608 3
1103110607 32
1103110606 43
1103110600 41
1103110558 51
1103110555 35
1103110554 32
1103110546 29
1103101708 511
1103092124 29
1103092124 15
1103091816 22
1103090245 32
1103070009 22
1103061432 88
1103061231 118
1103010053 10
1102251307 123
1102212351 6
1102211057 558
1102210658 13
1102202143 33
1102151333 16
1102140340 21
1102131035 17
1102121757 90
1102120117 16
1102120117 25
1102112339 15
1102112005 28
1102101441 525
1102101439 523
1102071953 429
1102041353 85
1102032025 10
1101310603 76
1101301827 160
1101290655 6
1101270838 12
1101261542 23
1101240245 110
1101182023 68
1101171920 36
1101131616 9
1101122132 528
1101091721 18
1101091003 24
1101050646 112
1101050057 21
1101022020 24
1101010956 577
1012290654 16
1012280834 551
1012260213 13
1012251316 16
1012240548 4
1012231400 18
1012222149 10
1012211719 14
1012201841 12
1012151129 135
1012130114 136
1012080524 29
1012071817 10
1012020312 33
1012011601 15
1011300324 487
1011230901 68
1011210436 10
1011100405 10
1011032334 19
1011031118 10
1010301518 10
1010251937 26
1010251442 20
1010211753 13
1010162008 8
1010161544 7
1010121021 13
1010080543 120
1010080349 28
1010080326 19
1010041328 32
1009291711 26
1009291710 10
1009261212 30
1009171921 220
1009090728 16
1009081137 10
1009071613 9
1009040852 69
1009031635 12
1009031116 24
1008240211 10
1008201756 19
1008181628 10
1008161935 603
1008160330 10
1008151509 175
1008142301 13
1008140730 10
1008132119 16
1008121154 207
1008100523 25
1008042348 28
1008042201 44
1008041258 27
1008040715 220
1008040446 19
1008031208 41
1007300356 23
1007290731 618
1007240535 553
1007232315 641
1007232251 578
1007232208 607
1007220503 6
1007210916 100
1007201918 24
1007181948 10
1007181334 35
1007181304 28
1007180556 14
1007140832 22
1007120011 115
1007101143 13
1007042155 27
1007020604 29
1006300722 20
1006300431 581
1006290140 17
1006260530 35
1006240532 40
1006182309 20
1006180223 28
1006171306 170
1006160358 10
1006160316 18
1006160306 13
1006130332 27
1006121926 35
1006092323 12
1006010326 18
1005311951 112
1005311016 20
1005272048 35
1005271714 31
1005260853 10
1005251009 10
1005241618 581
1005232246 101
1005191051 10
1005191030 10
1005190415 132
1005090559 38
1005060242 37
1005051629 27
1005032309 19
1005031027 84
1004302316 15
1004302311 12
1004260259 22
1004240741 27
1004231003 32
1004211720 35
1004172315 53
1004140125 8
1004132349 17
1004112208 610
1004110940 21
1004101654 273
1004071433 23
1004062215 31
1004051005 25
1004042240 4
1004022258 24
1003301654 34
1003300102 8
1003282138 30
1003261452 42
1003250529 16
1003201400 415
1003160221 18
1003151108 14
1003140808 32
1003140057 53
1003121650 7
1003111506 32
1003111455 18
1003111439 11
1003080947 427
1003080232 12
1003070705 18
1003051607 26
1003051147 18
1003050919 30
1003042239 114
1003041402 176
1003040159 24
1003040018 21
1003031744 20
1002281125 46
1002272312 35
1002271900 31
1002271724 19
1002271545 10
1002271030 35
1002270825 35
1002270801 35
1002270737 35
1002270712 35
1002270652 35
1002270651 40
1002270634 23
1002262031 25
1002220700 15
1002180113 578
1002152151 126
1002130234 11
1002090103 10
1002070610 21
1002060444 30
1002050659 1
1002042020 24
1002012228 32
1001271742 10
1001171200 5
1001122200 10
1001122153 13
1001100027 29
1001090551 12
1001051311 35
1001051215 15
1001050455 13
1001032236 10
1001032148 10
1001020845 8
0912310923 10
0912260857 85
0912240023 392
0912230111 19
0912192319 6
0912191302 43
0912172001 35
0912140854 39
0912100230 656
0912092129 21
0912091600 10
0912090946 45
0912030612 10
0911281810 39
0911280921 28
0911280604 15
0911241247 18
0911222247 436
0911220748 523
0911171530 17
0911141944 220
0911130305 27
0911100248 23
0911091044 595
0911081941 18
0911050943 10
0911021047 9
0910300703 34
0910291744 210
0910270004 10
0910250753 418
0910241440 130
0910231514 31
0910221951 186
0910220051 18
0910192249 18
0910160952 38
0910151833 17
0910151748 10
0910151211 106
0910141800 10
0910132021 14
0910131138 32
0910130537 24
0910120937 42
0910120315 10
0910110312 10
0910102124 112
0910082116 35
0910081011 45
0910080834 35
0910080828 35
0910072313 31
0910072250 21
0910072218 35
0910072203 45
0910072141 574
0910041058 620
0910031736 28
0910021547 10
0910020107 8
0910010152 9
0909301016 81
0909292345 10
0909291756 10
0909291748 18
0909240716 13
0909230259 10
0909210853 14
0909182306 79
0909180623 12
0909172321 10
0909122006 14
0909100246 36
0909072241 15
0909071612 23
0909031326 163
0909021800 257
0909020755 46
0908301451 11
0908280152 13
0908280151 642
0908200635 6
0908182120 270
0908171010 15
0908170005 20
0908161249 21
0908160738 20
0908122248 53
0908102007 40
0908101955 24
0908100406 35
0908091055 292
0908050831 10
0908050017 25
0908031840 10
0908031759 10
0908020854 20
0908011333 10
0907152010 13
0907150941 12
0907150922 12
0907131805 17
0907120612 199
0907081923 12
0907071911 19
0907062235 7
0907061453 22
0907040649 38
0907031100 10
0907010930 19
0906231419 64
0906162005 10
0906140558 35
0906120944 15
0906062033 14
0906050330 29
0906041725 16
0906020217 15
0905280824 19
0905240058 4
0905160053 43
0905120126 89
0905100116 6
0905031621 108
0904260006 132
0904210526 152
0904190523 25
0904181917 35
0904180203 65
0904170208 25
0904161457 20
0904152001 22
0904070423 31
0904060132 9
0904040531 48
0904010354 10
0903301211 31
0903301207 31
0903300713 21
0903281759 93
0903191817 31
0903161415 35
0903122323 9
0903061050 9
0902281433 15
0902221745 32
0902182153 25
0902170330 13
0902151004 21
0902150924 33
0902121315 27
0902120830 35
0902120349 26
0902111825 35
0902111734 20
0902091409 15
0902021753 21
0901222016 150
0901190335 16
0901181411 32
0901151749 31
0901150727 22
0901081921 11
0901040000 34
0901032233 34
0901032207 37
0901032018 0
0901032008 0
0901031943 31
0812201029 0
0812182119 24
0812112140 141
0812090624 26
0812061055 406
0811240903 505
0811221849 8
0811221611 26
0811221601 46
0811221601 26
0811210705 123
0811202329 10
0811161734 33
0811161702 28
0811100121 0
0811070719 10
0810291132 3
0810282309 19
0810231004 12
0810221255 235
0810200454 103
0810190510 31
0810122055 358
0810060830 6
0810052256 1
0810051611 40
0810051552 29
0810050912 10
0809291519 35
0809240233 10
0809110020 39
0809110000 97
0809101308 3
0809101100 12
0809081852 125
0809080303 43
0808300830 11
0808300654 75
0808281522 12
0808270135 16
0808262100 154
0808251321 12
0808220747 6
0808211224 10
0808191630 8
0808151025 10
0808112338 13
0808100820 20
0808091636 10
0808090601 10
0808050949 6
0808042045 174
0807240143 45
0807231526 113
0807190927 29
0807190247 30
0807190239 28
0807150326 65
0807131458 18
0807080742 50
0807050212 646
0806300617 10
0806281254 28
0806271140 28
0806222356 22
0806132343 12
0806081225 16
0806031620 92
0806011431 10
0806010157 33
0805310437 0
0805291546 10
0805251918 14
0805250821 14
0805231935 10
0805201353 29
0805121111 12
0805120810 18
0805120627 8
0805092151 89
0805071645 40
0805071616 30
0805071612 37
0805071602 33
0805020133 5
0804281833 34
0804190558 28
0804160554 26
0804160035 7
0804152259 26
0804140945 112
0804120030 10
0804091447 25
0804091303 36
0804091246 31
0804091123 51
0804091113 10
0803291730 24
0803202312 20
0803202250 10
0803202232 10
0803201410 31
0803180822 35
0803142232 39
0803121136 35
0803121123 16
0803060121 121
0803031411 26
0803031349 35
0803030931 37
0803030237 32
0802270654 35
0802252102 33
0802251806 33
0802250836 30
0802241446 35
0802231557 0
0802210246 10
0802201827 17
0802200828 37
0802200812 0
0802200808 31
0802141208 35
0802141009 32
0802131958 17
0802101222 10
0802080938 4
0802041701 43
0802030734 4
0801221714 41
0801221049 35
0801220755 7
0801202026 51
0801090826 28
0801060514 84
0801051144 10
0801051101 10
0801011855 48
0712262204 36
0712220711 36
0712210724 38
0712200755 42
0712190944 50
0712190930 36
0712160809 57
0712150939 65
0712090728 150
0711291900 147
0711271150 37
0711251953 32
0711251602 36
0711250251 62
0711201528 58
0711190052 559
0711160313 124
0711151515 28
0711151506 35
0711151503 31
0711141540 34
0711100113 23
0711022231 10
0710310330 222
0710251350 14
0710242102 30
0710162142 223
0710162105 501
0710151229 2
0710061238 62
0710041240 37
0710021800 44
0709300947 18
0709300523 10
0709300208 18
0709281338 254
0709280144 14
0709280135 17
0709280101 14
0709271957 20
0709261543 31
0709261236 32
0709260443 102
0709200831 31
0709140603 6
0709140601 33
0709131609 51
0709130948 24
0709130335 20
0709130230 25
0709130126 25
0709130031 35
0709122349 36
0709121302 51
0709121110 36
0709100149 29
0709061751 58
0709031614 101
0709020105 38
0708230831 0
0708202242 1
0708201346 24
0708180252 33
0708170304 42
0708160943 32
0708160839 10
0708160516 25
0708160102 26
0708160019 55
0708152340 41
0708152022 19
0708081705 296
0708081704 294
0708020321 54
0708020237 21
0708011708 150
0707290454 30
0707270618 33
0707260540 40
0707252337 28
0707211327 634
0707170939 29
0707161417 349
0707160113 7
0707151308 13
0706280252 18
0706240025 10
0706180618 23
0706070040 22
0706022134 12
0705302022 122
0705290936 24
0705271644 468
0705211655 0
0705191719 650
0705160856 1
0705060536 3
0705060444 10
0705041652 10
0705041346 10
0704291241 127
0704270802 33
0704211753 24
0704200145 12
0704200031 19
0704200026 30
0704161320 18
0704070951 31
0704050356 4
0704041102 14
0704041100 16
0704040634 20
0704032026 8
0704022320 13
0704021202 12
0704012309 9
0704012257 14
0704012245 16
0704012145 11
0704012124 0
0704012111 14
0704012047 17
0704012039 10
0703311249 5
0703250108 35
0703250041 2
0703250040 36
0703180211 18
0703171742 23
0703090322 441
0703060549 30
0703060349 22
0702282313 21
0702240236 10
0702200804 28
0702170002 33
0702121035 30
0702042117 10
0702042056 10
0701310315 60
0701302137 52
0701300454 10
0701211736 58
0701211208 10
0701211127 24
0701200621 10
0701130423 22
0701081721 18
0701081248 17
0612300830 8
0612261234 30
0612261226 7
0612221950 31
0612121548 215
0612071910 17
0612011401 47
0612010358 206
0611301133 14
0611290132 42
0611171803 25
0611151140 8
0611151134 12
0611151129 17
0611151114 12
0611130126 582
0611122127 43
0611121821 38
0611121211 1
0611071738 18
0611011802 26
0610232117 31
0610201048 34
0610170125 34
0610151714 20
0610151707 5
0610131351 35
0610121805 44
0610091001 18
0610010906 21
0609301756 14
0609301750 21
0609280622 40
0609220232 583
0609191358 16
0609160945 25
0609100426 9
0609091946 1
0609090413 579
0609011025 54
0609011018 49
0608310808 52
0608242150 54
0608200341 0
0608171520 18
0608150305 32
0608112054 30
0608111430 60
0608072218 148
0608061816 24
0607271116 32
0607191149 10
0607191148 28
0607191057 49
0607171545 19
0607170913 49
0607170905 22
0607170819 20
0607082041 35
0607082039 8
0606271807 27
0606260218 33
0606242115 38
0606221053 106
0606211234 22
0606190126 4
0606181720 24
0606180806 19
0606171619 89
0606140418 29
0606110925 6
0606051828 69
0606050050 124
0606011857 13
0605280312 44
0605262254 20
0605261742 1
0605221308 190
0605221112 16
0605192349 1
0605162009 69
0605161528 31
0605161039 156
0605130311 47
0605130202 13
0605100242 54
0605100139 1
0605061658 13
0605031756 24
0605031543 0
0605031542 0
0605031526 54
0604302159 32
0604302141 30
0604302132 34
0604302009 28
0604301926 28
0604301917 14
0604291708 28
0604291658 13
0604260034 28
0604251826 33
0604212323 12
0604211114 45
0604210432 17
0604202325 27
0604101615 14
0604070830 14
0604061333 13
0604051745 0
0604021317 105
0604011002 10
0603311321 25
0603140657 33
0603140653 1
0603061813 10
0603060933 1
0603031441 36
0603011448 29
0602280731 31
0602262231 31
0602222219 16
0602192308 78
0602192056 33
0602181559 56
0602151829 2
0602151010 96
0602141527 49
0602122255 8
0602101551 32
0602100933 1
0602091913 10
0602091422 2
0602091224 8
0602061219 117
0602031154 47
0602021248 600
0601271756 87
0601271729 33
0601271658 404
0601232052 9
0601232050 24
0601230602 33
0601211923 8
0601161536 33
0601141755 1
0601121445 41
0601081134 58
0601052130 106
0601040832 14
0601031854 5
0601022213 584
0601020610 10
0512221220 10
0512210709 86
0512130316 33
0512122147 224
0512111420 14
0512072332 35
0512051219 16
0512031610 40
0512021313 38
0511301653 37
0511281641 41
0511271022 10
0511191410 28
0511142138 14
0511051048 32
0510290405 10
0510191144 43
0510151551 200
0510151006 43
0510111505 44
0510081046 14
0510080430 40
0510080426 14
0510080350 8
0509291823 32
0509291550 36
0509260155 129
0509210225 102
0509160031 28
0509090726 94
0508241014 6
0508160246 38
0508110908 19
0508031103 14
0507241542 18
0507050152 34
0506170621 12
0506150250 18
0506141710 54
0506132244 112
0506080628 30
0505210511 40
0505190154 30
0505181027 13
0505160354 39
0505140505 36
0505121115 10
0505100109 22
0504281407 29
0504161638 38
0504111454 129
0504111220 17
0504110611 29
0504102222 43
0504101724 31
0504101114 33
0504101055 27
0504101045 27
0504101029 26
0504080548 22
0504072004 15
0504030310 47
0503301619 27
0503281902 20
0503281848 25
0503281830 33
0503281759 33
0503281638 31
0503281609 30
0503212113 58
0503211223 577
0503200153 9
0503131622 80
0503060521 3
0503041905 52
0503021042 198
0502261256 29
0502252304 107
0502220225 13
0502190009 13
0502190004 14
0502162027 10
0502151442 36
0502142338 31
0502141706 56
0502091846 17
0502081448 215
0502051223 540
0502050334 148
0501262200 24
0501240416 40
0501222030 36
0501190611 13
0501181409 50
0501162017 52
0501160825 12
0501120840 10
0501092212 42
0501091825 15
0501060056 53
0501041456 33
0501021535 38
0501011908 50
0501010625 12
0412311207 33
0412311204 23
0412310223 14
0412290605 24
0412290556 30
0412290150 24
0412270939 30
0412270032 32
0412261919 29
0412261512 18
0412261506 18
0412261104 14
0412261057 33
0412261056 30
0412261051 39
0412261019 27
0412261018 30
0412260930 30
0412260920 17
0412260752 19
0412260520 15
0412260501 30
0412260421 32
0412260410 27
0412260402 48
0412260351 52
0412260350 45
0412260340 42
0412260324 26
0412260319 34
0412260314 30
0412260308 30
0412260259 20
0412260251 21
0412260226 0
0412260125 30
0412260106 0
0412260058 26
0412231459 10
0412180646 16
0412142320 9
0412061415 36
0411281832 43
0411280736 39
0411280235 10
0411260225 5
0411222026 8
0411211141 21
0411202321 32
0411202201 40
0411200807 24
0411190016 59
0411150906 15
0411112249 42
0411112207 41
0411112126 23
0411111734 30
0411111733 41
0411111002 41
0411092358 25
0411081555 40
0411021032 18
0411021002 13
0410262253 2
0410230934 23
0410230911 18
0410230903 14
0410230855 8
0410150408 100
0410132035 114
0410092126 58
0410081436 121
0410080827 38
0410062230 18
0409281529 10
0409152018 30
0409151910 109
0409130300 0
0409081458 30
0409071153 22
0409070319 12
0409062329 17
0409061242 11
0409051457 1
0409051457 10
0409051007 19
0408281341 6
0408162050 12
0408070930 8
0408011903 10
0407280356 31
0407251435 582
0407220945 33
0407190801 26
0407150427 560
0407112346 13
0407112308 8
0406280949 20
0406250235 73
0406101519 187
0406092252 10
0405292056 35
0405281238 17
0405190704 26
0405130958 6
0405110828 23
0405070126 17
0405030436 17
0404290057 53
0404230150 88
0404171558 158
0404152006 10
0404140154 57
0404131205 14
0404052124 168
0404052034 8
0403271847 9
0403271845 32
0403182004 10
0403092258 10
0403092256 18
0402240227 9
0402231604 15
0402220646 51
0402210234 10
0402080858 14
0402070425 15
0402070242 15
0402052124 17
0402052105 28
0401290352 10
0401282215 17
0401251143 130
0401161807 10
0401150726 2
0401110432 5
0401092235 21
0401031638 12
0401031634 34
0401031623 9
0401030821 25
0401030809 10
0401022133 27
0312290130 29
0312272255 10
0312272238 11
0312271601 10
0312262126 10
0312260156 15
0312252042 6
0312250711 33
0312221915 10
0312100438 28
0312052126 10
0312010138 33
0311252019 63
0311181714 48
0311170643 27
0311120826 382
0311120029 49
0311111539 30
0311091952 9
0311061038 120
0311020532 10
0310310106 23
0310282148 75
0310221145 46
0310182227 51
0310171019 150
0310110111 46
0310080906 45
0310070455 10
0310010103 18
0309301522 15
0309301408 33
0309290236 41
0309271852 4
0309271158 10
0309271133 16
0309252107 32
0309252057 31
0309251950 33
0309220445 10
0309211816 4
0309172134 126
0309071320 33
0309071319 50
0309071316 30
0309021828 10
0308280448 10
0308211412 40
0308211212 7
0308140514 12
0308040437 10
0307270625 468
0307252213 14
0307250937 38
0307211516 10
0307211353 197
0307192120 63
0307152027 10
0307151846 33
0307040035 10
0306281529 10
0306231212 1
0306201330 43
0306200619 572
0306162208 182
0306151924 34
0306120859 184
0306070032 7
0305262313 587
0305261923 42
0305260924 71
0305211851 24
0305211844 13
0305140603 20
0305132121 33
0305092026 10
0305052304 62
0305051550 126
0305042008 34
0305041315 57
0305030503 33
0305010027 10
0304292209 10
0304291353 57
0304171450 10
0304170048 15
0304010919 14
0303310106 33
0303250253 46
0303171636 32
0303151941 41
0303140706 32
0303122341 10
0303110727 36
0303100209 107
0303091036 54
0302251659 2
0302240203 26
0302190332 14
0302151101 3
0302122233 24
0302100449 33
0302052229 15
0301271756 10
0301270526 10
0301220258 33
0301220206 27
0301201800 15
0301200843 43
0301101311 71
0301070054 110
0212300449 17
0212201414 33
0212181412 10
0212170432 33
0212120830 52
0211202132 13
0211170453 484
0211151958 10
0211120146 119
0211071514 46
0211032212 11
0211030337 57
0211020946 26
0211020126 31
0210310135 6
0210242153 64
0210240608 19
0210231127 20
0210191209 33
0210171752 28
0210161012 123
0210132055 9
0210122009 516
0210101229 9
0210101228 5
0210101050 25
0210061546 19
0210041905 628
0210031608 10
0209242301 11
0209242254 10
0209240413 10
0209240357 105
0209201543 10
0209161323 10
0209132228 21
0209081844 13
0208241344 2
0208201059 5
0208191123 665
0208191108 650
0208191103 676
0208191101 588
0208150934 2
0208141357 54
0208141312 10
0207310016 10
0207032300 33
0206281719 568
0206270550 33
0206220258 10
0206181356 53
0206172126 54
0206160246 47
0206130127 10
0206102248 32
0206062353 34
0205281645 0
0205280404 25
0205250536 33
0205150346 8
0205141656 10
0204261606 69
0204260715 60
0204241100 10
0204181608 61
0204180502 20
0204112156 10
0204080348 10
0204011959 73
0203310652 33
0203280456 0
0203260345 33
0203251456 33
0203200359 15
0203192214 166
0203110146 10
0203052116 33
0203031208 209
0203031208 195
0202280150 58
0202051327 44
0202030711 22
0202012155 353
0201300842 120
0201281350 53
0201220453 95
0201211547 10
0201162310 80
0201150901 50
0201150713 33
0201150448 10
0201131623 37
0201131410 41
0201101114 11
0201031017 32
0201030706 15
0201021722 54
0201021722 10
0201011129 140
0112232252 12
0112180403 28
0112121402 10
0112121253 50
0112071927 5
0112031132 33
0112021301 123
0111222324 33
0111222322 33
0111202108 6
0111141058 18
0111140926 11
0111090047 18
0110310910 0
0110262305 26
0110210029 79
0110190328 33
0110121502 62
0110092353 0
0110081820 48
0110081814 0
0110070221 33
0109301901 34
0109290240 26
0109151504 44
0109122223 60
0109111456 33
0109070245 10
0109021006 10
0108232145 33
0108210652 34
0108132011 57
0108060356 10
0108060353 10
0108022341 16
0107260021 19
0107240500 33
0107081754 10
0107070938 33
0107051353 71
0107031310 325
0106260418 33
0106232309 10
0106232127 33
0106232033 2
0106141948 18
0106050900 37
0106030241 188
0105292337 0
0105250040 33
0105200421 33
0104280449 341
0104192143 17
0104192058 18
0104142327 10
0104131533 33
0104090900 10
0103240627 52
0103190556 6
0103190552 33
0103151302 53
0102281854 56
0102281305 41
0102281230 34
0102250221 186
0102240723 56
0102131928 34
0102131422 8
0101260423 10
0101260316 16
0101161339 25
0101161325 28
0101161325 33
0101150552 10
0101131733 83
0101101602 33
0101091649 112
0101010657 33
0012210101 96
0012201649 37
0012201123 11
0012191311 36
0012180119 618
0012062257 49
0012061711 33
0012040442 36
0011301641 9
0011251810 22
0011251809 51
0011221749 2
0011212121 39
0011180655 87
0011172101 31
0011161105 48
0011160758 60
0011160745 49
0011160742 34
0011160455 33
0011160454 28
0011080659 17
0011070101 46
0011070018 10
0010290836 34
0010270421 412
0010250932 44
0010060430 1
0010051339 10
0010041658 42
0010020225 40
0009282323 19
0009221822 34
0009141459 36
0009121627 36
0009120027 12
0009111717 117
0009011156 31
0008281929 33
0008281929 46
0008281505 63
0008091141 16
0008090008 30
0008071433 666
0008060727 417
0008042129 16
0008042113 13
0007301225 8
0007210153 42
0007201839 51
0007172253 114
0007160357 28
0007160321 18
0007150130 13
0007110132 42
0007071546 48
0007010701 9
0006210051 10
0006181444 10
0006171540 10
0006160755 114
0006151110 12
0006141700 116
0006111155 10
0006101843 45
0006101823 36
0006090841 24
0006090127 57
0006072345 20
0006072146 33
0006061457 27
0006060958 49
0006060241 10
0006041808 33
0006041803 57
0006041752 8
0006041731 50
0006041639 37
0006041628 53
0005122310 77
0005121843 194
0005061344 17
0005040421 54
0004230927 604
0004192355 33
0003281100 110
0003251615 0
0003210818 0
0003210402 0
0003052357 10
0003040224 10
0003032222 35
0003032209 162
0002250144 64
0002061133 72
0001281639 185
0001281421 46
0001092154 49
0001081647 131
0001080119 3
0001062131 19
