problems deseeding 0702121035
0702121035
0610131351
1203141205
0102131422
1002270712
0204011959
0604302009
1107241851
1007140832
0104142327
0411202321
1003111439
1002270737
0306201330
0601232052
0006151110
0101131733
1006290140
0805291546
1005251009
0912240023
0006160755
1102112005
problems deseeding 0801051101
0801051101
0907061453
0810122055
0206281719
0908200635
1109091941
0008042129
0309252057
0904170208
1203140908
1205231502
1104211337
0004230927
1111241025
0802210246
0004192355
0801060514
1003050919
1103110613
problems deseeding 0910132021
0910132021
0802141009
0011251810
0106260418
1103151523
1103111136
0910151748
0702170002
1006130332
1206172032
0807050212
1105142107
0712160809
1205180200
1105051458
0801090826
1205122328
0105250040
0604210432
0304170048
0107051353
0601232050
1106030005
0610232117
0204181608
0409051007
0311120826
1103190956
0501190611
1104071432
0408070930
0312260156
1103061231
0111141058
0710251350
0512122147
1103110618
0609011025
0809101100
0309172134
0708020321
1004302316
0206220258
0604302141
1207200610
1003261452
0907081923
0203031208
0412061415
1111231924
0908031840
1104112308
0312250711
1208140259
1005190415
0911130305
0902151004
1110281854
0203110146
0310010103
1003051147
0604301917
1103091816
0807190247
0511271022
1201231604
1102120117
0608111430
0901081921
0204260715
1110140610
1103151327
1007120011
1008240211
0908122248
1202260617
1103272223
0902091409
0610010906
1003111455
0809240233
1007181948
1106011255
0402240227
1101122132
0601081134
1107161959
0708202242
0408281341
0805231935
1103112011
1108011458
1111010021
0106232127
0805071616
1203141049
0405281238
0310110111
0707160113
1105132247
0805071602
0809110020
0807231526
1103120147
1110232045
0203200359
0306151924
1203252237
1005060242
0201211547
0910130537
1205012243
0510151006
1103121053
1103110546
1103110728
0708020237
0106141948
0302240203
0411281832
1103140612
0811100121
1203201802
0411150906
0912091600
1208101837
1001100027
1109021055
0501120840
0210122009
0508241014
0007301225
1208020938
0407190801
1103110815
1110210802
1103110730
1201010527
0611151134
1104071311
0312221915
0708160943
0503211223
0604302159
0909240716
0510080426
1103251136
1106240309
0712190930
1205280507
0405292056
0208201059
0608171520
0404290057
0203251456
0203280456
0708152340
1103221331
1103111946
1206101244
1204120706
0508160246
1105092015
1102251307
0406101519
1104131957
1103110648
1102202143
1103110725
0111090047
0807240143
1112110147
1103092124
1105151308
1008041258
1204120715
0512021313
0010051339
0311091952
1012231400
0606140418
0006171540
0712210724
1002272312
0508031103
1004140125
0709260443
0611151114
0810051611
0712262204
0410230911
1103090245
0206160246
1104120507
0909031326
1011300324
0908091055
1206292107
0211202132
0304291353
1104091257
0609301750
0411200807
1101240245
0108022341
0409071153
1103010053
0903122323
1006010326
0907010930
0708152022
0611122127
1003151108
0207310016
1103110555
0304010919
0910220051
1101270838
0005122310
0908280152
1006300722
0908031759
0209240357
1006180223
0809101308
0103240627
1106222150
0211170453
0604302132
0111140926
1111011232
0410230855
0110081820
0007210153
1004231003
0409070319
0206181356
0909122006
0007071546
0611151140
1201211847
1103110657
0011080659
0501181409
1105132335
1012211719
0801051144
1012071817
1103110629
1201120320
0810051552
1205242247
1103110554
0110081814
1108190536
1002042020
1103110819
0703090322
1003070705
1008121154
1103110812
0711160313
0806132343
0701081721
1002270825
0010060430
1209051442
0007110132
0703250041
1103110729
1003040159
0409062329
1203050746
1101022020
0502091846
0709100149
1002180113
1002060444
1103110620
1004132349
1208301343
0703180211
0509210225
0711151503
1007042155
0707290454
0204180502
0009282323
0305010027
1206071603
0811221849
0712190944
0305140603
1107191935
0302190332
0903061050
0711151506
0309290236
0409081458
0808050949
1001271742
1002270801
0201220453
1103220919
0904210526
0802141208
1208121047
1206070405
0808262100
0503212113
0711291900
1012222149
0604291658
0202030711
0211071514
0903301207
0401161807
0404052124
1111072235
1206051931
0902150924
0506141710
0704291241
0107240500
0707151308
1009171921
1108102345
1002270652
0210231127
0910291744
1206240315
0012201123
0805071612
0906050330
1204021736
1003300102
1010080326
0907031100
0006061457
0307252213
0704050356
0101101602
1106201636
1110231041
0308140514
0708180252
1103220944
1103111902
1103110612
0009120027
0803202250
0602280731
0006041752
1103220718
1103110659
1204170350
0612071910
1110061112
0007172253
0804160554
0512031610
1007300356
1103110826
0810052256
0707161417
1105051657
0812182119
0912172001
0607082039
0805251918
1203261812
problems deseeding 1203271100
1203271100
1003160221
1103111010
0811240903
0103151302
0309271852
1103150949
0810291132
0404140154
0806081225
1101050057
0411021002
0303171636
0904060132
0705302022
0006060241
0610121805
1002281125
0909072241
0805020133
0601040832
0411190016
0005121843
1103160352
0007010701
1002271900
0910300703
1102210658
0608242150
0604211114
1108241746
0008060727
0007201839
1104011157
0001281421
0701130423
1206191556
0309251950
1207081133
1009090728
1102140340
1206040045
1103110623
0510080350
1205262148
0110092353
1103221503
1103110608
1206040315
1108171144
0012061711
0407112346
0707211327
1003140808
0604301926
0810282309
0107070938
1012201841
1208111223
1107261744
1108111822
0803142232
0312052126
1005032309
0409130300
0711151515
0102250221
0506170621
1107272300
0611171803
1103110625
0211030337
0610151707
0905031621
1004022258
0911171530
1107160026
0807190239
1109150800
0711141540
0003210402
1103110606
0805071645
1208111234
0610201048
0410092126
0108132011
1004302311
0803030931
0607082041
0006210051
1206020752
0609301756
0802041701
1112072223
0411280235
0304292209
1005031027
0707270618
0008042113
0411111002
1204112255
1103110558
0909172321
0312010138
0409051457
0502252304
0112021301
0406280949
0309271158
1104300819
1003042239
0802270654
1205200720
0503200153
0710021800
1005241618
0802080938
0708160019
1103122324
0211032212
1103110615
1109141810
0011251809
0502142338
1109021347
0510081046
1107100057
0210161012
0912100230
0904181917
1003282138
0309252107
0202012155
0808112338
0807150326
0905280824
0505210511
0503060521
1207022331
0806222356
0608061816
0903301211
0106232033
0904070423
0509260155
1103110831
1103110833
0805201353
0909100246
1104110816
0405030436
0210191209
0003251615
1002271724
0504111454
0802201827
1103291054
0808270135
1103111513
0803202312
1104021059
0704211753
0604202325
1109161926
0305211844
1002271030
1010211753
1103171254
0008091141
0201281350
0611151129
1103130126
0605100242
1204112241
0605221112
0812201029
1102112339
1103110600
0504102222
1002270651
0305211851
1103140102
1103121315
1111170157
0305260924
0910221951
1103151331
1102131035
0610151714
0708160102
0902021753
0107260021
0306162208
1101010956
0301270526
0506132244
0205250536
1103111520
0303122341
1003031744
0310080906
1005232246
1201300511
1104011329
1111290030
0605221308
1108221123
0012040442
1010080349
1103110714
1108041351
1101182023
0306200619
1103310715
1205141000
0310282148
0510191144
1107230434
0907120612
0403271847
0709031614
1103110621
1101290655
0511142138
0410230903
0910102124
0312290130
0804152259
0702240236
0301220206
0803202232
1002270634
0905100116
1107301853
0403271845
0309271133
0410230934
1103170413
1009031116
0104090900
0109122223
1004112208
0609220232
0906062033
1112271521
0301070054
0903300713
0105200421
0412180646
0611130126
0502220225
0901151749
0205280404
0007150130
1002271545
1003121650
0307270625
0201030706
1003111506
0708160516
0911141944
1007180556
1004042240
0506150250
1111221848
1103110649
0010270421
1109162108
0310310106
0306231212
0106232309
0411202201
1208270437
1104231012
0210031608
0303151941
0907040649
1103110607
1008042348
1205200203
1103110827
0311170643
0808281522
0006101843
0411211141
0908102007
1103111859
0606221053
1003080232
