1007140832
1003111439
1006290140
1005251009
0912240023
1102112005
0907061453
0904170208
1104211337
1003050919
1103110613
0910132021
1103151523
1103111136
1006130332
1105051458
1106030005
1104071432
1103061231
1103110618
1004302316
1003261452
0908031840
1104112308
0911130305
0902151004
1003051147
1102120117
1103151327
1007120011
1008240211
0908122248
1103272223
1003111455
1106011255
1101122132
1103112011
1103120147
1005060242
0910130537
1103110546
1103110728
1103140612
0912091600
1001100027
1103110815
1104071311
0909240716
1103251136
1103221331
1103111946
1104131957
1103110648
1102202143
1103110725
1103092124
1105151308
1008041258
1012231400
1103090245
1104120507
0909031326
1011300324
0908091055
1104091257
1101240245
1103010053
0903122323
0907010930
1003151108
1103110555
1101270838
0908280152
1006300722
0908031759
1006180223
0909122006
1105132335
1012211719
1012071817
1103110554
1103110819
1003070705
1008121154
1103110812
1103110729
1101022020
1002180113
1103110620
1004132349
1007042155
0903061050
1002270801
1103220919
0904210526
1012222149
0902150924
1009171921
1002270652
0910291744
0906050330
1003300102
1010080326
1106201636
1103220944
1103111902
1103110612
1103220718
1103110659
1007300356
1103110826
1105051657
0912172001
1003160221
0904060132
1002281125
1002271900
0910300703
1009090728
1102140340
1103110623
1103110608
1003140808
1012201841
1005032309
1103110625
0905031621
1004022258
0911171530
1103110606
1004302311
1005031027
1103110558
0909172321
1104300819
1003042239
1005241618
1103122324
1103110615
0912100230
0904181917
0905280824
0904070423
1104110816
1002271724
1103291054
1103111513
1002271030
1010211753
1103171254
1103130126
1103110600
1103121315
0910221951
1103151331
1101010956
1003031744
1005232246
1104011329
1103110714
1101182023
1103310715
0907120612
1103110621
1101290655
1001122153
1002270634
0905100116
1103170413
1009031116
1004112208
1002271545
1003121650
0911141944
1007180556
1004042240
1103110649
0907040649
1103110607
0908102007
1103111859
1003080232
0901151749
1004140125
1002270825
1109091941
1103190956
1111231924
1110281854
1110140610
1109021055
1110210802
1106240309
1106222150
1111011232
1103110629
1108190536
1107191935
1111072235
1110231041
1110061112
1108241746
1107160026
1109150800
1109141810
1109021347
1107100057
1109161926
1108041351
1107301853
1111221848
1203140908
1111241025
1201231604
1202260617
1203141049
1203252237
1203201802
1201010527
1112110147
1201211847
1203050746
1203271100
1112072223
1204112255
1201300511
1112271521
1107241851
1205231502
1206172032
1205180200
1107161959
1205281150
1205280507
1204120715
1205242247
1206071603
1206051931
1204170350
1206191556
1206040045
1206040315
1205200720
1205141000
1107230434
1205200203
1108171144
