 00  1103110615 23. 37.93 N 143.80 E  35   6.3
 00  1103110613  1. 37.21 N 141.60 E  40   6.2
 00  1103110612 36. 37.79 N 144.23 E  25   6.2
 00  1103110608 29. 38.97 N 143.37 E   3   6.7
 00  1103110607 20. 36.42 N 141.88 E  32   6.4
 00  1103110606 13. 39.00 N 142.29 E  43   6.3
 00  1103110600 39. 38.09 N 142.49 E  41   6.2
 00  1103110558  7. 37.62 N 142.16 E  51   6.3
 00  1103110555 45. 37.36 N 143.35 E  35   6.4
 00  1103110554 31. 37.71 N 141.18 E  32   6.3
 00  1103110546 24. 38.30 N 142.37 E  29   7.2
 00  1103101708 36.  6.87 S 116.72 E 511   6.6
 00  1103092124 49.  5.99 S 149.78 E  29   6.3
 00  1103092124  1. 38.30 N 142.81 E  15   6.0
 00  1103091816 16. 38.31 N 142.43 E  22   6.0
 00  1103090245 20. 38.44 N 142.84 E  32   7.3
 00  1103070009 36. 10.35 S 160.77 E  22   6.6
 00  1103061432 36. 56.42 S  27.06 W  88   6.5
 00  1103061231 59. 18.02 S  69.36 W 118   6.3
 00  1103010053 46. 29.70 S 111.98 W  10   6.1
 00  1102251307 26. 17.84 N  95.01 W 123   6.0
 00  1102212351 42. 43.58 S 172.68 E   6   6.1
 00  1102211057 52. 26.14 S 178.39 E 558   6.6
 00  1102210658 36. 27.15 S  64.69 W  13   6.0
 00  1102202143 24. 55.92 N 162.12 E  33   6.2
 00  1102151333 53.  2.50 S 121.48 E  16   6.1
 00  1102140340  9. 35.38 S  72.83 W  21   6.5
 00  1102131035  6. 36.65 S  73.18 W  17   6.0
