 020613012 19.  47.80   99.74  10 6.5  84.20   0.18                               
 000912002 58.  35.30   99.37  12 6.3  96.70   0.52                               
 030417004 38.  37.50   96.51  15 6.2  94.44   2.78                               
 011114105 13.  35.60   93.91  18 6.1  96.22   4.98                               
 011114092 10.  35.90   90.59  11 6.1  95.68   7.65                               
 030927115  6.  49.90   88.09  10 6.3  81.56   7.72                               
 030927113 25.  50.00   87.78  16 6.5  81.44   7.91                               
 030927185 46.  50.00   87.76   4 6.6  81.43   7.92                               
 031001010 26.  50.10   87.71  18 6.3  81.33   7.94                               
 031201013 35.  42.80   80.52  33 6.0  87.59  14.18                               
 010115055 15.  40.30   78.33  10 6.3  89.63  16.36                               
 020514165 11.  36.40   79.26  10 6.1  93.59  16.59                               
 030224020 43.  39.50   77.21  26 6.3  90.19  17.39                               
 021120213 27.  35.30   74.59  13 6.4  93.66  20.54                               
 000717225 44.  36.20   70.96  14 6.1  91.90  23.07                               
 010225022 58.  36.40   70.86  86 6.0  91.69  23.09                               
 020303120 18.  36.50   70.52   9 6.5  91.50  23.31                               
 000512231 26.  35.90   70.68  77 6.1  92.11  23.39                               
 020303120  6.  36.40   70.45  95 6.2  91.58  23.40                               
 020325145 37.  36.00   69.27  33 6.2  91.63  24.43                               
 020103070 37.  36.20   68.17  15 6.2  91.14  25.19                               
 000604175 12.  28.60   65.31   8 6.0  97.31  30.25                               
 001206171  6.  39.40   54.81  33 6.7  83.84  33.46                               
 031226015 53.  28.90   58.30  15 6.8  94.49  35.74                               
 001125180 11.  40.20   49.94  51 6.4  81.28  36.33                               
 001125181 46.  40.10   49.95  22 6.2  81.37  36.38                               
 020622025 21.  35.50   49.02  10 6.4  84.92  39.42                               
 000617154 41.  63.90  -20.47  10 6.6  35.25  41.07                               
 000621005 47.  63.90  -20.74  10 6.0  35.13  41.08                               
 030127175 26.  45.90   35.29  10 6.3  70.44  41.89                               
 030509202 16.  48.10   32.35  10 6.1  67.47  41.97                               
 030501002  4.  39.00   40.46  10 6.3  78.23  43.18                               
 030127052 23.  39.40   39.85  10 6.0  77.62  43.33                               
 000606024 50.  40.70   32.98  10 6.0  73.35  46.76                               
 010413153 54.  59.70  -25.68  33 6.0  33.01  48.78                               
 020203071 31.  38.50   31.20  22 6.4  74.14  49.33                               
 030417145 49.  54.80    1.18  10 6.0  48.21  49.82                               
 000321040 25.  41.00   24.00   0 6.5  68.57  51.88                               
 000419235 16.  36.50   27.35  33 7.0  73.64  53.10                               
 010726002 38.  39.10   24.27  19 6.5  70.08  53.13                               
 021218141 22.  57.10  -25.28  10 6.0  33.50  53.45                               
 021217043 56.  56.90  -24.72  33 6.3  33.83  53.73                               
 020122045 52.  35.50   26.63  95 6.1  74.00  54.24                               
 021112014 49.  56.50  -27.72  19 6.1  32.26  54.88                               
 030814051 54.  38.90   20.56  12 6.2  68.21  55.48                               
 001107001  6.  55.60  -29.81  10 6.8  31.22  56.86                               
 030521185 13.  37.00    3.59  24 6.3  59.54  67.03                               
 030521184 20.  36.90    3.66  13 6.3  59.65  67.08                               
 001002022 32.   7.80   30.82  40 6.6  97.75  69.16                               
 001005133 12.  31.80  -40.92  10 6.0  33.59 104.41                               
 031109195 37.   0.50  -19.74   9 6.1  70.22 112.68                               
 030514060 33.  18.30  -58.63  20 6.5  34.42 142.26                               
 010626041 32.  17.80  -71.63  33 6.7  30.96 164.37                               
 010707093 43.  17.50  -72.01  33 6.5  31.19 165.17                               
 010623212 35.  17.10  -72.64  33 6.0  31.48 166.44                               
 021012200  9.   8.30  -71.67  16 6.4  40.32 167.20                               
 030620061 40.   7.60  -71.71  72 6.3  41.01 167.42                               
 010623230 57.  16.60  -73.53  10 6.9  31.85 168.19                               
 010623203  9.  16.30  -73.56   2 8.2  32.14 168.32                               
 010705135 49.  16.00  -73.84  71 6.0  32.40 168.90                               
 001108065 59.   7.10  -77.84  17 6.4  40.94 176.73                               
 000928232 42.   0.20  -80.60  19 6.0  47.80 180.81                               
 011109004 57.   9.80  -82.21  18 6.0  38.25 183.52                               
 020731001 44.   7.90  -82.81  10 6.4  40.17 184.32                               
 031225071 11.   8.30  -82.82  33 6.4  39.77 184.36                               
 020616024 16.   8.90  -83.96  47 6.1  39.24 186.19                               
 000721015 36.   9.40  -85.32  42 6.2  38.86 188.38                               
 010113173 34.  13.00  -88.73  83 6.3  35.75 194.66                               
 010213142  5.  13.70  -88.87   8 6.4  35.08 195.11                               
 001204044 15.  15.00  -93.83  36 6.0  34.92 203.79                               
 020418050 45.  16.90 -100.94  20 6.1  35.51 216.06                               
 000809114 44.  18.10 -102.58  16 6.1  35.10 219.40                               
 030122020 35.  18.90 -104.08  27 7.7  35.05 222.24                               
 010520042 44.  18.80 -104.47  33 6.1  35.31 222.72                               
 021003160 29.  23.30 -108.50  10 6.2  33.48 232.59                               
 030312234 33.  26.60 -110.58  10 6.4  32.02 239.08                               
 031222191 56.  35.60 -121.05  10 6.0  32.55 262.94                               
 031007045 28.  16.50 -170.20  10 6.0  77.95 281.35                               
 030902182  0.  15.20 -173.17  10 6.5  80.84 282.58                               
 030503050  3.  15.20 -173.72  33 6.1  81.20 282.98                               
 000911171 53.  15.90 -173.66  17 6.0  80.65 283.42                               
 021013205  7.  14.60 -175.38   9 6.0  82.73 283.77                               
 000108164 14.  16.80 -174.20  31 6.4  80.34 284.42                               
 011203113 34.  16.40 -177.39  33 6.1  82.69 286.43                               
 010428044 51.  18.00 -176.94  41 6.3  81.21 287.20                               
 000914145 57.  15.80  179.90  36 6.1  84.87 287.99                               
 000321081  0.  18.00 -179.00   0 7.1  82.53 288.67                               
 010915150 38.  22.40 -174.92  44 6.0  76.70 288.82                               
 011122232 23.  16.30  178.10  33 6.1  85.63 289.62                               
 011122232 50.  16.20  178.00  33 6.2  85.77 289.63                               
 021004190 49.  20.90 -178.97  28 6.0  80.35 290.61                               
 001218011 21.  21.10 -179.12  18 6.4  80.29 290.85                               
 020819110  2.  21.70 -179.46  88 6.9  80.06 291.49                               
 000109215 42.  18.80  174.35  49 6.3  86.07 293.98                               
 020819110 15.  23.60  178.49  76 6.2  79.91 294.21                               
 020819110 22.  23.80  178.45  50 6.9  79.79 294.37                               
 020819112  5.  23.90  178.33  65 6.1  79.79 294.53                               
 000225014  3.  19.50  173.82  64 6.0  85.85 294.81                               
 020102172 50.  15.60  170.40  10 7.0  90.94 294.84                               
 000506134 14.  11.30  165.42  17 6.2  97.31 295.96                               
 020617212 25.  12.60  166.42  54 6.2  95.69 295.99                               
 020411215 56.  14.40  167.72  10 6.1  93.49 296.11                               
 030930152 27.  30.70 -177.23  15 6.0  72.12 296.32                               
 030930140 40.  30.60 -177.37  33 6.5  72.28 296.34                               
 010603024 58.  29.60 -178.62  88 6.7  73.75 296.43                               
 000809000 41.  15.70  167.98  30 6.0  92.32 296.72                               
 010109164 29.  14.90  167.19  12 6.3  93.42 296.83                               
 030504200 45.  30.70 -178.29  34 6.0  72.76 297.01                               
 030504131 17.  30.80 -178.27  57 6.5  72.67 297.07                               
 001004165 46.  15.30  166.91  42 6.9  93.27 297.29                               
 031111153 33.  30.60 -179.14  30 6.0  73.33 297.49                               
 030907132 14.  22.20  172.24  33 6.1  84.73 297.69                               
 030513212 14.  17.20  167.69  33 6.3  91.31 297.87                               
 030907131  3.  22.30  172.08  30 6.2  84.75 297.87                               
 011212125 20.  17.20  167.65  50 6.0  91.34 297.90                               
 020103101 39.  17.60  167.98  32 6.3  90.83 297.90                               
 020115044  0.  17.40  167.80  10 6.0  91.09 297.91                               
 030907131 22.  22.40  172.06  50 6.4  84.68 297.95                               
 020102172 53.  17.60  167.85  54 6.4  90.90 298.00                               
 031106103  5.  19.20  168.89  20 6.0  89.04 298.22                               
 010929024  6.  18.40  168.17  26 6.3  90.09 298.26                               
 010930190 19.  18.40  168.12  34 6.1  90.12 298.29                               
 011026230 50.  18.50  168.15  26 6.0  90.02 298.33                               
 020320035 52.  34.20 -176.45  15 7.0  69.17 298.44                               
 020121154 23.  20.20  169.40  10 6.9  87.96 298.47                               
 000609084 58.  11.40  162.20  24 6.0  99.15 298.56                               
 010228123 18.  21.90  170.13  34 6.5  86.21 299.01                               
 031227223  2.  21.60  169.83  11 6.7  86.61 299.04                               
 031227225  2.  21.60  169.71  10 6.2  86.68 299.13                               
 010228130 36.  22.00  170.00  41 6.0  86.20 299.17                               
 031227160  0.  21.80  169.73  10 7.0  86.52 299.24                               
 031225204 33.  22.10  169.54   6 6.1  86.40 299.56                               
 031226212  4.  22.20  169.35  10 6.7  86.43 299.76                               
 010902100 51.  54.40 -136.86  10 6.2  35.20 302.25                               
 010821065  6.  36.80 -179.72  34 6.4  69.22 302.42                               
 011021002 28.  37.10  178.98  79 6.0  69.74 303.44                               
 020525053 32.  53.90 -161.08  33 6.1  48.58 309.08                               
 030219033 35.  53.60 -164.73  14 6.6  50.61 310.13                               
 010110160 43.  56.90 -153.46  33 6.9  43.40 310.37                               
 000711013 26.  57.40 -154.41  42 6.2  43.70 311.31                               
 010614194 47.  51.10 -179.86  18 6.3  59.58 314.15                               
 000707154 46.  51.40  179.98  48 6.4  59.46 314.49                               
 011207192 34.  44.10  168.73   5 6.0  69.95 314.57                               
 021107151  8.  51.20  179.37  46 6.4  59.88 314.60                               
 031117064  5.  51.10  178.64  27 7.3  60.29 314.86                               
 030317163 17.  51.20  177.91  32 6.9  60.57 315.29                               
 030623121 31.  51.40  176.71   1 6.4  61.00 316.04                               
 030615192 35.  51.50  176.85  34 6.4  60.87 316.05                               
 030821121 47.  45.00  167.09   7 6.5  70.04 316.14                               
 030821141 29.  45.20  167.14  40 6.0  69.87 316.25                               
 031102053 15.  45.00  166.66  10 6.3  70.24 316.38                               
 021023112 20.  63.50 -148.07  20 6.7  39.05 318.93                               
 021103221 41.  63.60 -147.61  11 6.9  38.83 319.03                               
 000328110 20.  22.20  143.72  10 6.9  99.61 319.53                               
 010912222 47.  27.70  141.88  60 6.0  95.49 323.57                               
 001027042 53.  26.20  140.56  12 6.0  97.36 323.97                               
 031205212  9.  55.50  165.76  10 6.0  62.82 324.51                               
 010414232 26.  30.10  141.77  10 6.0  93.39 324.74                               
 030315194 30.  52.20  160.35  41 6.0  67.40 324.76                               
 011009235 38.  47.70  155.06   0 6.4  73.04 324.77                               
 020820105 31.  31.00  142.03   5 6.2  92.48 324.94                               
 011008181 25.  52.50  160.30   0 6.4  67.19 324.99                               
 011008182 40.  52.60  160.19  48 6.6  67.15 325.12                               
 020311014 30.  34.80  144.10  10 6.0  88.31 325.13                               
 020128135 31.  49.30  155.61  53 6.0  71.52 325.43                               
 000610184 28.  46.60  152.74  45 6.0  74.83 325.49                               
 020426071 11.  53.50  160.55  60 6.0  66.32 325.56                               
 000325161  2.  44.00  150.00   0 7.0  78.06 325.72                               
 021019120  5.  44.10  149.87  33 6.2  78.03 325.86                               
 000806072 14.  28.80  139.60  17 6.3  95.38 325.87                               
 010802234  6.  56.20  163.77  16 6.2  63.06 325.96                               
 021016101 23.  51.80  157.26  23 6.0  68.89 326.11                               
 031011011 30.  43.90  148.20  46 6.2  78.82 326.80                               
 010525004 50.  44.20  148.35  33 6.7  78.50 326.86                               
 030429135 16.  43.60  147.79  57 6.1  79.23 326.91                               
 031028214 22.  43.80  147.74  75 6.0  79.07 327.04                               
 030616220  2.  55.40  159.94  82 6.2  65.08 327.18                               
 000128142  5.  43.00  146.84  46 6.6  80.09 327.21                               
 031031010 30.  37.80  142.61  23 6.9  86.20 327.58                               
 000720183 19.  36.40  140.94  51 6.0  88.04 328.15                               
 000730122 45.  33.90  139.38   8 6.5  90.85 328.22                               
 031229013 54.  42.30  144.64  29 6.0  81.49 328.30                               
 031008090 56.  42.50  144.55  45 6.6  81.34 328.45                               
 000701070 55.  34.10  139.16   9 6.1  90.74 328.47                               
 000715013 31.  34.30  139.24  13 6.0  90.54 328.49                               
 030925195  7.  41.70  143.87  33 6.8  82.29 328.52                               
 030929023 55.  42.40  144.37  41 6.4  81.50 328.52                               
 021103033 44.  38.90  141.96  57 6.2  85.44 328.53                               
 030925205 13.  41.60  143.65  31 6.0  82.45 328.62                               
 030925210 59.  41.60  143.60  32 7.4  82.47 328.66                               
 030526092 33.  38.80  141.52  71 6.5  85.69 328.80                               
 030725221 31.  38.40  141.06  14 6.0  86.20 328.94                               
 010813201 25.  41.00  142.31  57 6.0  83.45 329.25                               
 011202130 53.  39.40  141.16  23 6.1  85.27 329.31                               
 031112082 43.  33.20  137.05  82 6.1  92.29 329.70                               
 021117045 55.  47.70  145.99  84 6.1  76.30 330.12                               
 000615111 46.  29.30  132.10  12 6.0  97.51 332.13                               
 000606145  1.  29.40  131.46  27 6.0  97.61 332.69                               
 000804211  3.  48.70  142.24  13 6.2  76.62 332.87                               
 030401091  9.  48.50  141.94  14 7.6  76.89 332.95                               
 000804212 28.  48.80  142.15  16 6.3  76.56 332.97                               
 010324062 53.  34.00  132.55  52 6.3  92.98 333.47                               
 001006043 17.  35.30  133.16   1 6.7  91.59 333.48                               
 030727062 31.  47.10  139.21  68 6.3  78.96 334.00                               
 030429220 11.  53.00  142.51  10 7.8  72.74 334.80                               
 000304022 21.  60.10  150.29  10 6.2  64.46 334.85                               
 020201215 20.  45.40  136.68  53 6.1  81.24 334.89                               
 000611115 12.  50.60  139.59  10 6.3  75.70 335.33                               
 020408034 55.  51.00  139.28  10 6.0  75.43 335.69                               
 020628171 30.  43.70  130.66  68 6.6  84.42 338.26                               
 000305235  3.  62.90  145.43  10 6.0  63.41 338.72                               
 011212140 35.  42.70  124.68  10 6.7  86.72 342.10                               
